3 281 72 126
3 161 43 190
3 228 255 291
3 296 176 37
3 209 174 274
3 206 100 40
3 256 235 17
3 193 260 143
3 290 153 25
3 93 168 269
3 13 164 246
3 95 120 1
3 278 92 79
3 35 158 205
3 149 6 249
3 224 286 229
3 266 198 87
3 123 128 97
3 127 70 221
3 61 130 8
3 113 124 239
3 201 207 137
3 14 194 259
3 3 183 38
3 30 64 162
3 250 103 279
3 170 118 187
3 132 202 184
3 196 299 261
3 252 106 165
3 177 119 276
3 192 104 41
3 45 15 243
3 175 69 10
3 59 71 220
3 7 51 28
3 136 244 232
3 215 145 18
3 0 12 257
3 75 99 117
3 140 240 253
3 248 157 114
3 58 208 293
3 27 19 32
3 105 191 20
3 82 180 188
3 273 216 197
3 24 142 81
3 186 160 270
3 121 90 280
3 108 237 262
3 139 85 63
3 152 134 166
3 182 4 151
3 233 199 48
3 214 268 275
3 109 65 16
3 283 56 150
3 44 125 169
3 173 50 96
3 107 203 2
3 67 251 297
3 146 29 155
3 115 217 178
3 242 52 141
3 294 231 54
3 60 73 57
3 163 263 23
3 238 80 223
3 227 74 33
3 68 284 225
3 148 111 181
3 78 94 267
3 171 241 185
3 21 147 102
3 101 86 247
3 189 254 116
3 66 31 264
3 62 112 226
3 55 84 298
3 230 236 53
3 172 76 88
3 98 110 285
3 218 211 138
3 167 135 287
3 272 34 89
3 265 36 282
3 122 289 258
3 156 204 46
3 91 234 83
3 133 200 49
3 26 219 271
3 5 77 179
3 154 292 47
3 210 195 131
3 222 144 42
3 39 22 245
3 129 295 213
3 277 159 11
3 288 9 212
