25 6520 9028 7749 8905 8733 1708 417 500 6976 2945 3218 4164 4248 6619 8947 3756 1138 991 8582 2733 2297 7054 9505 9135 6669
25 262 4232 1899 3712 316 2188 5751 7287 6346 420 8921 274 1733 9204 4905 6354 949 9322 9802 1116 3254 4489 5957 8113 4746
25 9702 4802 4730 5901 9233 6234 3907 8480 1964 3950 675 9291 8567 4304 2102 334 7958 9300 8906 3423 6774 6057 6315 3229 3159
25 2007 3555 538 3838 2864 6954 4833 3245 4710 7452 887 6342 8642 3258 2416 6458 922 7587 7362 9210 1450 7230 9652 5301 5943
25 9099 9437 7621 2311 2213 9669 3420 2742 2375 7467 4234 1434 5150 7597 9871 8484 9646 9282 9554 3577 947 6917 7484 800 3221
25 4144 2768 8489 9653 9 9610 3319 4256 8602 1723 9656 9691 3799 3514 5385 9533 948 6244 543 5322 2203 2218 541 5508 6755
25 7904 7020 4665 455 6440 3968 6909 6998 8725 827 1203 9427 7745 9696 3195 8488 642 2478 1439 7366 2786 4684 1343 9736 776
25 2343 2594 7900 9568 2636 8338 795 5785 5236 237 801 2076 2319 6461 1244 7040 3287 8876 42 483 1543 7831 1408 5640 1780
25 5317 7496 4757 4082 5804 6489 7422 2484 4887 7569 655 2986 9145 7087 2700 66 2834 4539 2673 2071 6209 2970 5075 3615 8716
25 4898 2056 8914 8576 756 3839 879 3863 4372 290 7658 9324 7466 9748 1540 9239 5120 8431 337 6527 2192 8554 8752 6063 8875
25 8452 3120 9009 9949 2691 7059 925 4041 8977 3087 8850 5552 3997 603 3912 6878 4671 9727 8696 9879 6901 674 4237 499 6291
25 7329 6227 4114 9031 1887 9565 2530 5774 128 7993 3200 7127 7839 3717 6856 2205 2933 9746 1363 1988 9478 6600 1192 1125 3300
25 6363 4987 440 7408 2570 5271 7047 4424 1688 2624 802 3016 920 4478 1749 5561 3316 2808 9050 6412 2788 878 3253 3751 6516
25 5864 397 986 150 9531 4613 2564 7397 5055 3390 4781 664 6700 1618 1547 7549 7668 6899 3678 496 5288 2223 5973 7492 1942
25 2693 2698 3647 7644 5750 8540 4109 4327 7450 2865 6987 3974 1149 9457 5659 4804 9019 4897 4676 3596 328 9841 2113 6487 5295
25 1480 900 3989 7983 6742 5456 6459 4643 5389 4609 9693 2163 1675 7274 1098 9209 9143 3433 2041 1920 4524 8426 6876 3100 9647
25 6072 6863 8872 3362 7309 3723 7050 8734 6226 1715 3178 8516 6904 864 1836 7947 6066 2186 3837 2031 3071 2654 5417 4492 9084
25 5739 962 3897 6978 2402 4599 6872 4531 1972 2736 2641 4767 9262 2020 9125 4225 2017 9984 8183 3010 5489 7695 4547 1799 6631
25 7003 427 4212 7109 6048 7979 29 4738 9468 4901 9492 7177 4117 7306 4564 3161 5427 3266 3277 3819 8354 7996 5189 3810 7918
25 8606 5658 793 4412 6427 3197 6033 117 3811 6775 8615 5886 3866 4790 9458 4674 3342 4670 6605 4534 7606 8668 6213 2527 9197
25 7882 634 6172 9719 5877 2411 1797 4795 5375 5116 497 1860 7214 985 1262 1440 363 4651 6112 4280 8333 231 4177 6305 3507
25 8070 4869 1699 9139 9561 4584 2789 1684 213 6268 7489 3526 5620 6238 9818 3370 4740 5811 2106 6407 2575 340 6246 110 9833
25 2298 6907 3746 8282 2355 4582 5890 3797 8936 4496 4932 643 2515 1599 6080 5829 6659 6006 3292 174 2088 8493 3539 8992 2209
25 3905 6564 8257 2225 9758 2581 6695 6410 5418 5534 4726 3032 7722 2746 5535 4502 8638 5609 9709 4461 8930 669 2859 6607 7261
25 7314 5393 8253 5130 1436 9723 2101 1034 2623 637 6781 1016 9480 8877 4896 6738 6558 2072 9165 467 6403 6473 162 4325 265
25 2491 8432 6825 6312 5711 6212 4020 8760 779 6144 8465 3541 3273 5182 7656 934 859 963 8311 7102 3405 8130 3382 3408 3060
25 2735 1624 650 7455 7304 6701 7197 3979 2980 3483 2912 6550 9198 834 1386 3958 1674 1248 5180 1924 1397 3162 9765 564 7651
25 6462 4789 4262 7207 8306 3391 735 5752 8800 6799 283 8298 7987 9237 2383 484 9811 2124 6253 6647 5234 6409 5158 2258 2454
25 7028 559 3407 1579 209 3003 7416 9438 3517 3406 8028 7315 2283 1388 5036 1335 6018 278 9007 4384 8273 847 5469 6818 8297
25 881 8143 9006 594 1011 5755 717 3631 6544 4415 8040 5020 5820 5247 3444 2760 7490 2651 6049 726 4275 7675 7951 548 6152
25 39 5159 4848 4695 7502 695 3208 7579 6390 6796 2606 7135 6347 3535 5681 3772 6310 4756 4400 7873 2 382 9706 5506 2561
25 9509 2352 9526 8410 4292 880 9611 8245 4916 6817 5709 3328 1931 7866 7899 303 7013 3918 1013 344 5529 2503 8843 4567 6453
25 3187 4845 1380 9616 4994 3397 293 8054 2943 4842 8373 3845 1815 4686 3395 75 8711 9687 8870 2919 9356 6895 5828 1555 1590
25 3864 9844 7218 9862 2588 7134 855 4182 4731 7395 1609 2282 4080 9129 8092 270 7676 9383 5846 6493 7876 4156 7325 9486 1174
25 8038 5434 6445 6763 5727 6138 8376 7051 8627 2500 8746 4111 6068 5172 5585 4540 6050 1830 2716 6787 8898 4702 2444 2116 6166
25 6830 9986 7279 1983 1907 9426 9372 1845 1180 8230 1162 6662 7093 8342 7368 7258 524 2128 4867 4230 2384 4003 2038 1519 1163
25 5437 107 7593 4497 62 965 431 5710 118 4964 506 8100 1958 1865 8218 2829 7313 3485 3144 4993 4910 6498 9578 7007 1074
25 4998 4612 9889 6969 4925 5059 4574 13 1800 6047 9703 5308 4350 5918 7927 9218 4057 501 1176 8116 9173 1276 4589 6785 7692
25 6362 2544 6036 5105 3971 9012 6096 1966 836 5472 8859 4276 6182 7470 8296 4143 7286 3450 7897 2598 5111 1996 2410 1258 71
25 8160 5480 2524 9184 6819 45 5373 386 3913 8349 6840 1588 9893 7615 5293 8562 7702 4986 2868 3428 7082 9549 3296 6971 3334
25 8991 7806 9193 6542 623 2191 258 8459 2396 1643 8802 2890 6623 3341 3366 6938 4137 8504 6733 8658 7905 3403 5173 2051 768
25 3134 4689 5632 5657 7120 2644 398 309 2501 5369 2603 6862 4646 2679 9906 9863 2889 4487 7666 1951 9167 8453 7371 6454 1021
25 1817 2142 5578 9507 4794 7128 4394 8320 5224 3371 3306 6339 4988 3349 783 3584 850 4318 2363 7252 3692 153 230 9819 7762
25 3198 3737 2597 8299 5784 5455 6236 9865 2390 5800 282 3018 3949 2979 9827 2326 4660 586 18 6269 3389 2058 158 5868 5325
25 4303 3252 1009 2690 3922 2442 3677 3664 9795 3777 2443 6553 5622 8708 3344 6116 8372 3784 5859 6235 9010 6056 2404 2331 6736
25 6548 1322 5084 8019 6656 6086 3431 5615 3758 6455 4815 7098 3760 5178 1033 7931 4150 8981 2764 3441 3957 7170 4011 8047 6460
25 4996 1415 8997 8010 9263 2582 2094 4709 2170 3384 9482 146 638 2032 8159 6940 2285 8524 9878 1354 8207 4223 1713 4333 7742
25 8732 7867 3472 5169 9037 7872 4744 5343 4010 1936 9836 409 7187 9547 2107 5211 4907 5318 8325 9674 184 4874 7500 8953 8035
25 9503 8343 5348 5812 9398 1430 6595 569 9350 9147 8828 1225 4704 687 1123 7092 6173 3149 9636 7113 3809 6980 3430 7713 9072
25 9011 1146 6811 6303 9485 2091 2437 6633 3851 7655 11 6045 331 7245 5154 4413 8706 4725 910 4103 1265 2248 8931 9253 2612
25 9764 694 4823 286 2987 4255 8364 8815 6900 4475 5618 6680 7657 2584 9803 9619 5257 5648 1474 3637 4455 1914 8846 4560 5988
25 2881 7945 6288 585 7086 8686 1581 3437 1246 9087 7709 5440 9938 6266 4579 1109 2955 5713 4644 2135 5242 9047 5817 7518 2546
25 7182 6943 3118 3464 6011 3532 1928 692 5307 7063 8558 7209 3414 6697 4420 5099 5398 8291 21 317 7614 1718 2882 5861 6324
25 605 8699 9596 9338 6482 272 6529 2660 4722 8776 6709 3030 6951 9436 17 5498 2132 9732 7097 2486 589 3181 5081 9232 1058
25 1107 4046 5353 5027 1484 4407 592 8283 935 1131 243 8611 6442 6857 3080 1954 527 9341 7411 8472 452 2664 9510 5546 7686
25 6834 2381 9775 5543 2472 4458 3175 1943 8267 3339 8858 460 9278 3740 961 9904 6537 7083 4832 7812 3622 5712 113 537 6911
25 2605 1213 874 4768 8661 7788 3440 4332 8888 3263 8509 2087 6381 4537 9783 4226 5831 959 3458 9598 9741 4286 3329 8237 5134
25 6740 7094 8080 7968 3223 8874 2156 1184 321 8773 9466 2460 2833 912 763 1042 3621 7898 8907 4759 8766 3653 1407 3457 5370
25 558 9355 3216 1587 5213 4630 2804 3543 5306 5160 3500 7961 7111 3830 9506 2801 6401 5299 5237 1072 7715 3387 7973 9896 5925
25 2288 3703 9459 7986 3293 7017 6642 9205 3886 9179 6171 8352 5337 2168 6345 9931 9824 2427 3127 9345 8118 327 8158 3065 9124
25 9624 2648 2682 5045 5362 3052 7551 3314 2685 7475 471 5649 5148 5678 304 1324 3353 4125 2153 111 3943 9454 4655 3614 8570
25 7476 345 6340 8258 5068 574 9887 404 2508 7004 6584 2210 512 1018 5504 9940 1077 8400 4972 5006 2323 3151 2004 7846 1399
25 6382 9588 6220 4467 6010 7915 8631 8690 9113 4083 1549 1741 9120 3814 1870 449 9564 8694 3280 5268 5114 9749 3556 8271 1716
25 6581 5984 8654 6259 4282 4891 4549 9982 9537 8796 6035 291 5655 3667 2405 8963 7117 560 3043 8790 5769 8155 199 3504 4335
25 1773 7728 5037 504 4618 5335 1173 4585 1791 3675 8639 7024 2117 8879 9226 2994 953 5030 3067 8491 8817 611 8771 1195 7037
25 7280 1686 2577 5905 9484 2035 5587 8071 5409 5539 1514 3076 273 4875 6974 6815 7941 8003 1682 4326 8864 4876 221 8483 1794
25 8239 9559 5303 9573 658 8487 9809 2860 8238 5139 9894 8264 2974 9411 5910 3523 2264 1442 6831 2055 1326 4931 4451 8659 4990
25 7966 1776 1140 4274 5033 9504 52 4186 4107 8974 5966 9389 1963 4045 4430 8937 5992 8580 1888 4763 9562 1987 4512 7079 9076
25 2204 1831 8741 8188 9963 9431 4758 8396 3825 6573 7792 4557 6511 3164 2614 4423 8190 3754 6092 6990 4344 9544 9279 6223 7503
25 7347 489 775 8863 719 3617 8068 2012 310 5107 6939 7409 9292 6180 8060 6193 3578 4503 9086 7976 9367 6816 2961 1611 9461
25 3508 3191 9435 5212 647 65 8436 4707 9321 6653 9898 2830 8281 2249 9884 7058 773 8678 6651 3780 5631 5761 4118 127 2534
25 5156 4247 2021 9069 600 2268 5899 981 4334 3860 4201 3112 3400 275 8965 980 6157 3078 3800 1499 7038 6565 6420 8769 2182
25 5763 5968 5495 8165 2334 163 1273 7841 8698 5798 2565 1261 906 9774 4926 7049 8848 5029 6794 5161 8637 6751 9617 9970 2494
25 1721 3478 4486 1853 2676 7101 5687 8730 3505 6780 4946 4086 5089 406 9698 1053 1376 7380 8269 86 2359 9117 9962 5313 4675
25 2134 3066 8645 6413 5888 9408 5696 6925 5034 3605 3954 522 7137 7344 6667 5810 8648 3040 9326 9302 4529 4992 7624 212 4516
25 7373 9060 5900 8707 7081 8301 2861 5866 7469 5216 6685 6757 5210 705 6906 2253 9194 373 9339 6721 3460 9325 6232 7044 5067
25 264 4985 6759 1946 1953 8918 6229 626 8363 4198 1694 6632 2490 9553 1044 966 797 7856 4096 1156 3209 8512 1849 2373 2356
25 8464 1614 5606 2022 2393 242 1141 1290 957 4879 1478 3639 9182 3315 4947 1788 3570 7398 9043 3796 9594 4967 952 532 7235
25 928 1932 4095 6691 5595 4336 1646 9637 8314 2245 7141 7717 2738 8252 2761 8720 5444 2016 3665 5137 2451 4110 7417 8415 3901
25 5426 4981 4244 5501 6883 8114 616 1423 333 9550 672 5478 9744 6955 5085 3230 6886 8510 5347 3540 2387 6505 2677 6682 4069
25 2591 3965 4751 7548 2866 2732 988 8824 1633 9734 4033 4870 6451 7486 8871 8775 8650 1490 1916 120 8381 1081 6836 6338 7259
25 4924 8061 8234 6892 99 3439 3802 6523 332 2278 6549 4199 3549 7853 2047 2196 1314 2928 4555 5573 1925 954 197 8226 9269
25 9489 251 6360 4181 657 5100 8246 610 6782 7747 1108 5562 6982 3219 3135 336 31 7586 8337 1658 8151 8633 6474 2547 4764
25 4301 1323 2138 7864 6374 5608 4813 8369 3250 2906 8177 4093 2277 4511 5600 1069 5519 9416 4216 9810 2401 588 259 950 3496
25 8721 8934 473 5 4983 7889 3465 4311 7169 5414 326 9514 7855 6732 1901 2256 4416 9671 3956 5567 3156 8270 8018 5564 1615
25 4087 4614 6124 1789 6826 9868 8680 2852 4687 2857 6121 454 2867 9449 8083 5790 5981 9054 4563 6286 8592 2485 5952 1775 5762
25 9100 6583 4323 8316 8189 6093 741 3036 4966 2358 7985 7921 5689 9157 2666 4741 7564 3019 7761 2511 9442 4913 6044 3852 8687
25 9897 1341 5647 3816 6946 690 5286 5222 5856 4098 7581 6587 2712 1840 1911 3693 9224 5310 7236 1487 7538 3495 5767 84 165
25 5377 6855 7125 3889 8705 7089 6248 1245 3323 8825 4128 7828 2440 1512 3770 7296 742 9929 2244 4245 9042 1422 8701 6287 4154
25 9444 6933 9313 5165 8521 8392 1573 9370 3537 6400 8583 8091 96 2046 666 9453 8360 7708 3765 3448 1070 7231 6137 2510 6881
25 5321 9090 7589 441 9521 9990 7029 8446 7723 2322 5060 192 4956 8660 6569 1102 2006 9747 1561 3542 8290 3232 8566 3611 8191
25 6724 34 6249 6313 6289 4287 7451 6657 633 8900 983 1159 6735 2797 6128 9148 1559 5127 6952 8795 3655 474 3286 6325 7733
25 134 1847 853 7720 5209 1707 1383 3843 6201 4960 3855 7981 6389 4267 2960 899 3576 1986 6766 2701 7010 9743 7530 1861 5052
25 3887 9612 6250 2453 1384 9075 8103 495 7449 9283 7308 6123 5458 2151 7729 7439 4056 6783 7811 9832 828 9936 1393 2908 9924
25 2787 7100 2839 1073 3634 6341 8075 1995 8679 6861 1532 1566 3479 4923 338 7148 4714 4382 4523 8148 8044 2599 5432 6690 4406
25 4532 4380 9826 3081 8051 5515 6148 2380 7482 3097 4202 2215 3662 2951 9340 2917 2034 1824 5559 4131 4088 1283 9495 2145 2291
25 3491 4625 3847 1456 6501 2075 5371 1742 511 5175 8520 5124 312 8023 4073 748 9972 2567 916 7559 3211 5638 1277 6188 4208
25 2984 8079 6627 7121 2418 9513 3105 2150 148 7776 7072 7714 7201 1805 6263 9941 7829 6434 1317 896 4775 8090 860 5870 5734
25 613 5837 1695 4769 1175 9957 789 1395 3987 4341 5926 5410 2870 4692 2448 5267 6640 2240 5208 160 8518 297 8419 5850 1779
25 9751 8284 3996 6994 629 6513 1303 1489 9762 4116 8399 1711 5474 3835 4123 5666 7512 8695 8618 9500 7706 5223 8561 7784 4090
25 4450 7850 2777 8455 582 6225 7257 4014 5146 8181 8551 4139 3568 7874 9778 4030 2162 1294 9494 2449 4949 898 124 1263 4548
25 1071 6245 9834 3411 6436 2846 5826 3020 8168 104 6741 7358 7108 3824 9935 3039 9515 1828 3234 662 1211 5768 6604 4963 3269
25 1594 3623 5176 7639 923 8175 2823 3947 8890 6404 3821 6103 4305 7710 7572 4067 781 2300 9476 8590 6638 5583 8439 6208 3259
25 854 4880 8313 1754 2403 8166 6162 1139 7775 3251 1348 9381 3383 6311 8593 9923 7462 1822 4346 4562 5406 3587 4788 8323 3179
25 4184 5802 4322 7006 1960 5215 7353 1810 4737 3474 2093 3244 2707 8710 8450 7005 2089 1103 534 6449 2590 4715 1892 7699 1947
25 7318 8366 1311 1957 5907 3782 6920 6211 9901 3034 5986 7213 4105 1426 9913 6575 9739 7835 6330 3092 7424 5848 3392 1477 5294
25 3311 1724 3881 9221 7527 9535 3533 1296 9591 2689 4513 9595 1601 6038 9640 7446 5977 6073 7407 457 9529 9534 6394 2551 9092
25 3265 798 6439 9053 6191 8917 3823 5748 4742 627 808 8617 5097 7473 3103 514 8571 7605 4782 7959 774 1412 9388 777 2255
25 288 4753 5892 329 4218 9413 6429 8197 6694 3903 4432 4921 8726 3027 4824 1064 7046 9519 9718 9925 4435 5688 7042 6720 9286
25 5625 6159 210 3645 9905 9602 6789 5473 3045 5235 807 5629 5435 7183 2030 5118 5927 635 5698 713 3270 8630 4072 3931 2144
25 3962 0 9583 8603 5612 7901 2455 1889 1880 9181 8944 2872 2414 6438 5809 8517 4354 9420 1709 9083 7200 6853 8348 4945 8853
25 8885 7746 8279 5238 1647 7529 2750 5453 9190 9126 7740 6508 9254 2317 8149 9716 4429 9261 6001 3047 9394 956 9629 9858 816
25 129 2155 1933 3015 2270 3759 7558 2696 2148 8653 5133 9273 2436 4915 5793 190 5179 6387 9391 2475 1652 2177 9895 6616 3685
25 8667 6398 1850 5142 139 2470 8834 804 716 1217 2604 7406 5801 8462 4422 6571 870 95 7282 8052 7382 5074 7336 8000 5867
25 698 2877 9974 3581 9725 1080 552 1820 1055 6277 3607 5999 4927 1900 3498 102 176 9721 4770 8098 1130 8999 4310 4257 6703
25 3877 1234 410 3861 8205 6396 7499 6105 8709 4809 2843 9490 1909 7698 2781 9351 5718 3783 3766 8757 7505 5931 6483 2710 1356
25 723 2374 2609 7793 6370 268 1719 9374 7243 6882 3761 91 4251 2585 1877 5963 5193 5465 992 6140 261 5071 7284 6596 4953
25 1680 8066 5078 7622 4224 614 1948 7938 3769 9079 5563 2587 9136 5041 7190 8731 241 6051 450 3778 9386 7687 3917 1833 40
25 1725 257 3592 1345 3642 9315 6457 6754 858 3024 3070 2040 7603 6364 6317 4040 5741 5304 3551 7060 3079 472 6628 9714 4734
25 6169 2346 3566 9542 9615 3668 2279 3853 5431 1061 1048 1819 2637 1701 9235 4853 1226 9787 5229 9329 3900 5737 5880 7491 8139
25 8893 2722 3571 3670 1319 5183 421 1714 8989 9729 8765 3182 1210 7726 3688 4886 131 8916 2435 3226 6008 9830 3126 1088 668
25 9451 8411 2947 6949 2086 8212 3452 1973 5705 2790 8477 3301 4930 8307 1177 1765 4711 2324 6104 3109 432 7303 3790 8948 2290
25 5679 9055 7844 9600 8478 5971 8102 6972 8780 1940 1236 1129 3788 4017 5614 6620 1623 8572 2769 8821 1949 5352 7926 6630 9750
25 4029 8619 1251 755 9242 2231 6912 7849 6496 2471 6219 365 7840 3818 551 292 1809 9983 234 7640 4444 8673 8329 9585 4023
25 5997 3494 1114 3908 7384 1287 3606 4101 2423 5766 4425 6707 3618 3345 3857 6674 6835 4650 3884 8042 3143 4343 9246 7754 367
25 3705 7332 3792 9950 8346 2001 2851 4055 5051 7246 8920 395 4453 3172 8855 6468 1756 5096 6292 4165 3998 3204 2593 3553 8059
25 1374 7290 6578 7774 7513 4138 5143 6784 1583 4173 8585 3373 1669 3434 5728 9816 9385 4039 2739 3210 6029 90 688 5361 2306
25 4135 3775 1935 1468 6608 7265 5110 2154 7140 7442 544 6507 1677 114 4973 1455 4530 5686 6770 1394 9022 5930 9211 9903 7930
25 8625 4632 5145 4766 4246 2610 9538 7964 2369 5167 5057 8027 7459 4544 757 7390 7292 1409 9065 4151 8020 1147 728 9922 2642
25 3256 9118 2519 8377 8001 5214 3574 7123 2301 6890 3497 399 7694 5253 941 2159 7779 4409 5983 2785 7260 4591 6098 3794 5069
25 3625 2115 995 4654 9681 7848 5433 7881 8563 3308 4021 9555 8259 8838 6797 4914 4100 7661 2828 902 7158 7677 9867 6147 5669
25 2147 3557 2140 5779 7585 8955 2754 20 3374 4477 4397 3412 5955 7679 2743 3820 3165 7613 1019 2100 8546 8228 3360 9907 67
25 6526 2549 5949 2160 6913 7025 393 531 9973 5641 2552 8589 8435 8787 5289 3174 5439 4551 7224 428 6402 3193 3343 2617 7933
25 631 7056 3493 754 2010 7014 7351 2535 617 8530 2083 5525 2813 8315 5522 4356 3037 3636 6280 3238 193 5012 542 4617 7791
25 3215 6463 9433 4388 6963 1372 5219 3049 914 370 1028 570 8021 8609 4178 4962 4935 8112 3626 3282 7154 3832 9846 1969 8389
25 7196 4291 4387 4158 7859 3934 8336 1429 7826 3021 9881 7103 9632 7022 3386 6844 9857 8613 2446 9248 1269 46 2916 4818 5350
25 2692 289 9406 8827 2069 3203 133 9825 6002 6332 1683 6130 7756 4360 2518 2441 5510 2195 6918 7604 1026 3285 4760 9487 8845
25 8565 8449 1282 9654 5101 8073 5430 4903 1596 3000 556 7110 6132 7617 7885 8620 2459 1516 1463 5245 5290 7953 8860 3158 5230
25 5593 4112 3469 2421 7352 2467 2902 8210 1050 7073 9460 1994 4616 6295 9876 919 1616 8457 2723 4732 730 4808 6828 5168 3972
25 1188 8006 9508 1955 2957 8806 7495 3834 1511 6290 1558 4364 6163 8797 8236 4645 2149 2194 5882 8321 47 2935 9335 6192 7152
25 8749 8676 8247 3418 7802 9717 8138 9740 8651 3401 3346 9309 1997 9375 1872 9823 7913 6113 4797 1565 4179 6176 8727 4639 636
25 2122 7374 9407 1185 7664 2748 743 2183 6024 893 9543 8919 3376 8939 1841 2024 372 4081 3602 7130 5549 5296 7995 9772 8792
25 619 2292 347 1878 3388 2831 9424 9532 7069 2181 5807 1227 8162 4778 379 5994 271 5594 1443 7204 207 6151 1377 5624 1007
25 1545 8808 7565 676 9428 8632 749 3196 3486 9168 6411 2571 4171 1068 3422 2090 6722 3264 1626 4044 1619 1720 1435 7396 4004
25 8786 9676 4638 8675 7851 8467 298 4203 6534 6702 682 8988 1134 1864 2176 1122 6205 5386 9998 4300 6838 5088 9387 4258 1534
25 103 7821 1520 6708 5494 5442 5170 8600 3785 342 3628 4140 4535 5521 3638 1494 4211 6713 2123 5933 2717 1193 3919 7212 2911
25 3630 6133 4032 1802 4839 5533 891 8418 5920 1379 7116 8849 2656 6993 2207 2370 412 4355 5883 7359 3904 196 5954 1421 7031
25 5452 8072 3399 4196 2315 9186 1437 4063 1441 4121 6079 9470 5387 651 9419 1272 4885 9668 1010 4598 6510 9882 1592 8612 8599
25 4148 8624 7907 4115 4277 3920 7278 5328 3482 125 9859 529 6568 8062 3893 7131 2998 1284 2333 5227 3013 2964 3654 9361 7193
25 7387 252 9679 7342 4066 1268 1207 6202 4000 5421 5079 341 2824 540 7441 6418 7785 5181 9577 8192 6183 2445 3268 1913 1444
25 5151 6696 2652 4473 5119 6629 1693 725 3110 5422 4581 646 2601 2638 6375 7911 645 9071 2413 7156 838 1510 4858 4152 3023
25 2918 3186 3180 6335 597 3872 8357 3684 8519 5349 1097 2632 8945 8198 8219 5320 5198 4006 6479 5244 6155 2350 4745 5912 7164
25 1666 4385 2237 3368 5106 36 9112 7532 3480 226 2028 3524 5759 6282 7524 122 5457 4075 8851 1208 4877 587 9104 7816 4881
25 5833 2931 5896 6645 9146 5283 5775 6745 6395 5540 4099 5379 9845 7836 7737 3506 3710 630 5273 1921 8942 904 3805 3563 8485
25 2499 6322 9989 8327 8647 2718 3815 869 6406 9873 9289 4837 7377 7550 6129 5166 9522 831 2464 1201 5483 6636 7682 786 6947
25 205 2412 2197 7288 2925 3279 7888 4904 4269 1402 9132 842 7862 7683 5729 1768 8064 299 5969 7607 7588 1851 1461 5623 3088
25 2959 3150 2837 9349 6247 5592 4104 2432 6127 7755 8635 8351 6686 862 1321 4315 3640 7794 9790 2949 3352 1260 4712 5654 583
25 8868 6466 1197 1884 9566 6486 1825 8832 6711 1230 6626 764 3871 5591 2221 7681 5220 1391 1405 4641 6585 9360 9978 5904 2469
25 5260 7943 4470 1120 2310 8089 5982 3462 8644 6150 6119 2126 175 829 7547 5881 3764 3928 9255 3372 2238 3470 6864 3849 8026
25 9663 6664 1736 3145 2338 8910 9498 3600 8502 7750 6337 2114 8391 9332 2187 9347 9299 8043 3538 5129 681 7090 8958 5340 5953
25 3828 4834 8275 1465 606 9536 8107 4480 2647 903 6373 6877 9469 978 5228 5477 8385 6833 7161 572 9169 9715 5448 5392 6161
25 4647 9358 443 4 9008 2626 6026 7477 2688 5429 823 2915 4652 6267 8146 2482 8549 4401 3290 972 1137 886 7369 5704 8883
25 7892 4320 4091 6965 4200 7627 9133 9688 1027 9805 5720 4376 9059 8856 8743 3952 1898 5690 6359 7895 1466 6989 7751 2819 311
25 3163 2958 7991 7701 507 8094 7830 5280 248 7952 7880 4007 1807 2014 1696 7757 6540 5390 5261 72 384 3681 8810 1218 4366
25 2863 8543 3379 5635 3101 5003 4743 5760 4825 5199 2426 5500 5357 8370 6869 2855 8144 7611 2357 2318 6054 5326 7574 1390 6058
25 8048 4536 6210 1622 6301 411 8387 9373 7875 3844 5646 7178 9899 2835 3307 9660 1959 2702 4859 3393 9968 8289 7276 5021 1689
25 6108 7584 4939 2643 7637 7203 7608 5577 989 9942 4389 3288 848 4565 3632 1881 889 2568 6803 2755 9977 7124 1023 5786 5441
25 1691 359 9410 7633 360 7159 5773 5275 8324 6764 1521 1904 5466 4719 3846 976 5548 3936 2667 6898 9058 4392 9683 8994 2796
25 5604 5932 3147 8793 4792 4736 5715 6718 492 4729 1005 1998 9771 2456 4155 3695 1859 7465 9450 8109 254 3046 5924 287 8959
25 4220 745 7576 5153 423 5964 9606 7432 8763 897 8979 1637 5579 6153 4266 2121 1738 9621 791 573 151 7555 5184 3699 5550
25 2261 2545 9869 2822 7636 3909 1650 747 3099 2327 6926 7602 3545 2059 5378 8265 8756 8422 9034 5871 6327 4195 6891 5693 3773
25 7205 2714 1968 7064 2509 2573 3241 8328 1051 3212 6218 9390 8034 6871 4078 7672 3098 8925 5413 9142 8406 9779 1280 1897 4836
25 5950 3960 1328 1392 6852 4097 4699 758 9422 3948 8032 6052 1552 4841 2347 307 3895 766 7542 6739 1089 8670 7434 7556 3438
25 2382 181 3878 5488 5323 6975 177 1200 4819 5487 2992 865 5863 7136 566 4694 7883 4816 6424 3564 5940 5651 3708 35 8413
25 5424 3054 5671 7289 6675 7074 1697 8538 4348 2720 2228 9259 9212 3862 6478 9066 5832 5232 1078 9064 6095 4777 6870 8677 5140
25 171 8778 5327 9154 3927 383 1743 5819 8505 9777 235 9912 2687 7244 2620 5556 4499 5263 7283 9980 3 6139 9354 8187 9404
25 6514 2910 4485 9792 6031 4047 5842 145 535 6567 9316 6790 9421 5862 3225 7628 3327 7543 9228 8242 8004 9141 2668 7860 9501
25 9447 7454 5783 4378 7744 3945 7339 5360 1727 9016 7696 8560 8288 3951 435 4009 6283 9745 1128 6450 6839 3757 625 8179 7568
25 5072 7248 6960 3976 3651 6756 4796 185 6730 4259 4037 2167 8085 7237 8164 6778 1569 7842 557 8362 9393 6719 1806 6118 4379
25 2082 967 6094 7457 4134 7825 2037 7240 5660 2152 1970 6968 9961 7444 5467 9928 5446 6251 2257 9445 8129 609 7626 6099 2516
25 8046 1302 6519 3531 5716 4049 8371 9078 3937 3086 4051 7632 6380 2296 7818 2483 9202 6215 3140 2891 8581 2715 6294 3502 7399
25 7937 7716 1375 143 1191 5771 6239 3933 9580 9491 2899 8861 5944 7739 7999 8591 3789 1524 3859 3984 6777 4698 5852 1844 581
25 4942 8812 3205 1591 3136 5395 926 8737 9352 2045 6599 7155 9049 2939 8735 6433 2044 7386 1812 5960 7045 6492 656 5830 3959
25 8167 4396 1542 2180 5251 1029 7185 9456 3202 8305 7902 8186 5061 1240 1574 4352 2996 4229 92 2158 8962 3322 5336 2650 9044
25 6181 968 6004 2853 8473 6714 3361 982 1774 4094 3706 4570 4855 7609 4661 4495 7096 8715 4375 8056 7493 9582 5040 575 8978
25 2112 5721 3741 5544 3369 622 2542 8904 9677 6746 8781 563 2528 1761 2914 6889 80 93 9680 3255 8082 7928 3558 908 7778
25 9097 7771 201 3513 1589 5449 8923 1304 9590 4042 8097 2633 7721 2719 1497 1868 1495 5803 9756 439 8569 5403 6032 5255 7691
25 8736 4026 9336 3879 2241 478 7167 5454 5937 123 8093 1635 7114 7980 3702 4951 2362 6446 9287 2555 9175 3237 191 6874 2844
25 6689 5460 873 805 7760 5542 8030 9130 9793 68 5381 6979 6772 1980 8152 5076 2139 3554 5700 4765 126 5332 7456 5302 4405
25 6935 3779 3656 8180 1509 5425 1485 5206 915 9909 4395 1869 6062 225 2556 562 2507 7174 1536 3955 7641 1992 1737 6687 5885
25 6102 584 549 701 6970 8007 4883 5797 2481 2900 1937 5854 9877 9945 385 3880 2922 4031 820 3365 7758 2901 7341 5724 6850
25 7253 9530 6677 7507 711 3817 1938 4918 6649 5627 812 6160 4526 2466 6597 2675 8460 7463 8229 6019 7061 1906 3718 488 9230
25 2379 843 8365 5897 5847 5058 2792 944 3055 1339 9620 9331 4696 767 4556 8529 2898 2751 7430 7989 6175 3865 7801 4640 4691
25 380 4253 3291 3732 890 1373 1767 8522 4362 6992 4217 3169 4680 4871 6343 5736 244 6490 1504 9227 3017 7239 9659 3883 8895
25 1586 2214 7868 2305 7425 1124 2199 1154 6956 5131 2905 1196 6383 8378 5554 3335 9473 6168 3612 4102 3885 2523 1978 3970 2836
25 3749 1660 1004 895 2678 4844 5756 4952 1238 9359 6762 6845 3012 640 2592 8172 173 7402 3687 400 1333 9571 5851 7703 1610
25 1816 9153 285 8486 1249 2345 2929 708 4024 4772 7645 2909 7506 247 4119 1553 1891 7323 281 7192 9948 2684 1829 2969 8976
25 3061 4776 8681 3990 2930 1784 1491 3247 2286 480 9020 6748 2015 8909 2392 1783 2812 3425 5419 4957 1492 8700 6351 2752 3185
25 2512 7143 9477 7623 9551 7649 7629 8961 7887 5333 3572 7824 4347 2783 2224 1976 2371 8887 5692 2259 1306 9604 7652 2989 6399
25 2662 8842 7012 7065 1329 868 6252 2747 8903 2447 2782 6851 7138 5590 6860 3426 8770 6827 6804 5358 811 9000 339 1359 9377
25 2272 2832 2893 8761 6270 1449 2967 3921 6179 6061 236 1745 6776 6515 5602 9684 4025 832 809 8547 2070 3738 6846 4204 183
25 5619 835 1224 6810 8714 1621 4133 7222 2607 8531 3565 6357 2880 6866 2817 6469 3443 7338 2705 8542 5605 8009 8463 2476 9346
25 7970 7427 2092 7379 4210 296 8894 9260 136 3977 2201 9080 2848 9847 8310 7413 2361 510 1605 8956 9200 3808 2003 1628 6109
25 2242 913 5845 1753 1673 2995 2963 2474 6932 2488 8277 194 2657 5351 2971 7690 5087 5684 7994 8293 2775 732 9993 8552 3155
25 9944 7528 2495 5203 9539 8125 3011 871 9005 7601 6672 4604 2680 604 771 4016 4252 9223 8968 5929 7346 2127 3973 7458 576
25 8244 3041 8946 498 2220 178 8420 2067 6170 8490 4697 3679 416 9820 3248 4728 8278 4373 6622 8393 3836 6908 6615 5732 6015
25 2344 3114 6958 4708 3978 4124 3520 1535 6361 3604 9752 8852 8798 2639 7219 746 5345 7119 8331 9670 8195 4950 6753 684 5239
25 8124 8106 8779 394 5364 4035 9587 2066 4541 1183 4515 4779 142 9290 6964 4761 7429 6377 494 5464 2165 733 4233 4426 7391
25 8402 5894 9400 1655 390 1876 1759 7858 8169 1781 4846 9088 2578 9127 9073 3875 5958 6543 1300 8451 6296 4433 6416 9872 3635
25 5505 2406 6279 1101 8499 9328 6143 4587 4822 653 5276 3331 1854 595 8897 7832 8684 3466 1493 9567 770 2036 74 2537 7310
25 3090 1318 7419 1748 6256 8081 3988 3713 6643 9314 2737 750 8935 4669 1604 9917 9272 2337 2354 9954 1266 2809 6557 6665 8235
25 3117 1295 4749 751 2057 4771 9724 3673 8033 5511 971 2894 1990 1956 7685 4895 6981 3132 6563 846 4153 6945 2529 2965 3224
25 2198 7972 8836 4238 4085 1275 1867 1414 5757 2052 8409 6727 1404 6302 9853 2060 7591 4268 6512 8662 6503 8476 7978 1651 3022
25 3173 5031 739 6683 8506 2429 4821 7662 8535 8674 9860 7783 220 8964 1653 5010 5985 3044 437 7053 2572 6254 1105 3235 2368
25 5481 8417 9959 7922 320 3525 4959 4943 1764 9296 1965 1212 9101 2424 4219 2622 1584 8194 769 253 6007 2619 4169 8065 5000
25 7293 3689 8414 4038 3275 9425 2966 5341 9776 9123 5956 3157 7015 2239 5053 8748 6430 6077 4851 4190 9655 9502 5024 2683 5518
25 1572 6034 553 1255 5319 2818 3318 9271 9822 6444 9062 9307 5177 4061 9163 3243 9892 7305 3591 3364 1885 3663 1919 6431 5155
25 1286 6069 3074 7461 1067 9675 4657 5128 1918 9692 4569 9247 8437 2883 731 9856 8063 1858 3888 487 5676 4762 5316 5665 1999
25 8745 3096 8438 6552 2341 5269 79 8811 4130 9797 7180 8841 5066 4084 8132 8405 1315 3358 3696 60 6198 3184 424 6545 6348
25 1119 9784 5661 6197 9280 8564 6875 1544 8390 9518 5536 2697 302 7878 6275 3007 1153 1143 9639 2825 9755 3453 5094 8481 7436
25 8762 4628 5610 1242 4668 7481 6488 3326 8940 5144 4319 1355 2635 4827 6666 255 1340 4721 2479 9516 5338 4001 3583 216 350
25 6145 2629 3704 960 4968 8777 8182 1945 3102 1985 7301 5834 1086 7863 1500 7251 4059 4571 6329 7350 6767 7062 1835 6231 3534
25 4735 9240 9303 4784 5240 9641 530 659 3499 7805 4402 7531 2189 6805 1740 8423 9852 6546 6273 1661 2274 4648 6320 115 7000
25 6012 1644 4149 5279 697 357 223 5869 759 7797 182 5723 353 7400 4295 6484 729 1231 7643 6561 7963 9934 6984 1464 7659
25 8767 7620 4854 6237 1950 4677 294 9412 9964 3994 8171 8867 2563 3518 1305 9432 4783 6592 602 9766 6726 5007 2862 388 8704
25 1486 8526 9057 6472 8689 1194 8533 7217 2950 7041 7738 2968 5541 4289 993 2217 1310 3916 5691 3137 7307 8782 3432 7075 7561
25 6480 5164 6195 7227 1923 6084 2309 9155 9161 2884 348 6824 2062 9937 5396 2724 5778 9327 9701 7697 6356 7884 3035 894 1551
25 2119 5048 1271 3619 4209 8300 200 5628 6941 1645 4345 813 4620 3720 8911 6298 5391 8641 1629 8254 7295 977 5634 8017 4089
25 7322 9581 2011 670 8055 1883 3803 5976 3113 5733 1233 3050 2061 7149 3986 4666 4214 5597 3028 4052 2184 8753 5141 2376 867
25 946 2847 4662 8995 9817 1001 9403 9178 6961 8820 2171 6082 3171 9275 3104 8878 4969 3826 1758 2608 5368 4626 7914 9804 8722
25 654 2111 5093 9330 6648 5254 3967 1702 6930 8427 7596 7573 330 8541 7150 6847 8844 4446 2077 4917 885 1602 9930 9191 1657
25 2806 6371 6485 1636 6671 3856 1144 6609 5685 4683 4566 7039 1893 7410 810 433 9110 2681 1837 3442 6134 9902 7378 6414 1431
25 2978 7638 9782 7048 7312 8869 3094 8993 2377 2085 2903 6091 1453 6186 4543 4471 1681 7389 4703 6417 2307 1863 4629 8840 1113
25 4884 9238 2670 4596 2029 8652 1839 3240 660 1648 9658 4508 485 1181 8429 4595 8174 1396 4724 1095 3354 6779 8383 1508 425
25 447 7443 9726 3489 6388 7333 1127 2389 3427 7546 5011 8688 8559 3686 6996 6391 6967 2711 6887 3303 4637 9541 206 9593 2954
25 2741 4658 9956 7522 6611 721 6731 9174 4533 3546 9342 7688 1094 9023 844 2202 4313 9560 8359 8374 7018 9499 7226 9098 3516
25 9788 6601 9402 2064 3590 593 1890 6688 9270 8933 3381 7727 2407 9599 7942 2869 3711 8830 6517 1056 7189 4733 3111 4175 8332
25 5895 8014 2457 5662 7523 9015 6854 6773 1330 9557 5557 1922 4197 9613 3822 2425 2265 4812 9672 4442 620 6464 652 7372 7337
25 4163 1917 7852 1672 2553 6090 7370 9645 1308 2821 4132 5560 2765 5204 476 6991 1518 5680 1454 7705 4546 7767 4989 4162 451
25 4460 6921 1293 8128 6196 4431 4748 6352 599 4594 1778 1112 8984 3261 6788 4786 7420 6905 5582 1703 7275 224 2621 9250 4390
25 7798 1003 2433 4713 4250 3467 9900 2250 9306 3744 2791 335 1158 5082 481 9870 3786 1167 6432 6612 85 8901 1100 5553 8954
25 2522 3652 1187 9966 5855 9121 2226 8447 7099 1427 6705 1253 238 7428 7554 3891 4912 4141 3321 2895 7175 6240 5551 8513 852
25 448 78 9281 2579 7364 2299 8922 7514 4172 7485 3969 5013 2799 7515 4008 7654 9257 6258 555 6071 4849 9737 9380 508 5098
25 3548 5394 7195 6428 5354 1895 3029 2770 2273 1730 3601 1288 8084 2252 8039 4642 3914 2185 937 130 7772 7106 5538 4239 2913
25 3330 2330 7291 5934 3338 7929 4337 8891 5282 7206 1327 2284 7519 1085 4465 8330 5103 9763 1977 9708 5272 7153 3119 2110 208
25 3982 6555 5102 1752 5512 3477 9969 8416 796 9026 1808 9472 1220 5652 6848 5372 32 5558 6379 5823 5613 8221 649 9915 7719
25 9689 464 8454 4799 3512 5019 5853 1360 1219 4227 5860 6586 9808 9067 8408 2095 648 2312 5297 6022 4838 2146 4649 5884 4494
25 9967 3435 4961 7078 9423 1638 3561 6533 1627 5996 3446 3051 6262 6676 8896 7769 4538 2342 1037 4434 9192 6142 6806 2143 4586
25 3206 5917 6808 3644 8902 2340 1214 1400 3073 3115 9267 9891 7104 1458 4830 2372 2164 5747 9563 4840 8110 2009 1157 516 8913
25 3940 7448 7334 8173 8835 2671 1232 7440 5374 5740 9511 4607 8025 3876 8133 5305 3697 7216 70 9584 6769 6959 7800 2496 2133
25 5674 8587 2505 5231 1927 665 8669 9081 5822 1309 8474 3116 7570 3089 3189 7021 214 314 1279 41 6257 6807 1882 9712 3776
25 19 3610 8243 8912 4013 1221 2627 276 707 2048 9013 9946 5743 5445 9217 6494 6618 8494 7730 8577 50 765 1239 7268 6668
25 1554 2802 9382 6426 4076 8045 6504 172 3217 4936 7906 4800 1598 8350 3671 9151 1467 8401 6224 6929 7066 2704 9910 4911 9189
25 1908 5581 8960 3006 6915 7112 2293 7238 364 26 1008 772 3170 1668 8969 1047 1769 7773 6506 3806 5528 5486 579 6983 6594
25 8353 2840 7404 5491 9206 1488 1084 8268 402 4706 1410 6752 377 5376 6328 2708 5789 6673 9622 444 7541 5765 5919 2923 4615
25 7501 1525 998 794 3257 2360 7405 685 1040 8430 9070 8199 3629 7992 4361 722 4439 3755 6397 3475 3527 644 8274 7250 4449
25 1155 9965 5017 3313 7401 6525 266 4622 8312 6641 2065 8196 7488 5123 3771 5607 5603 9440 3842 618 7498 951 7946 3072 5572
25 4340 4868 4525 663 8163 3461 8537 612 6522 8744 6670 8388 7273 318 4803 3807 5196 2580 3260 4236 5824 4717 3014 601 4147
25 7181 1705 315 1712 2506 4254 4701 7998 2613 9829 6577 3781 839 2962 7335 6572 680 8774 8471 2388 6554 144 1462 5575 5157
25 3139 7957 9364 4309 945 1974 7132 9222 5412 7426 7016 9866 2395 1278 7766 6075 6747 2276 2871 2019 8335 2492 9251 9992 2759
25 938 7168 1179 239 9363 5791 1420 280 2308 4938 3991 3672 6030 1264 4271 1118 7724 8927 6392 8754 5046 4899 2263 6385 3833
25 3091 1625 3095 4820 4600 6524 6897 8813 5298 6614 4720 9160 9952 389 8344 9933 7264 4940 6372 7712 9767 4472 8713 3283 5174
25 4575 2946 2540 4404 1256 2280 5016 8442 4064 1803 9025 2645 9769 6043 4290 6194 2108 2227 2130 9119 969 2940 9794 4012 8950
25 1057 9735 4937 279 5162 5050 2320 3385 1818 2920 9572 6821 1389 9415 4755 3375 6652 9061 3031 418 5645 8640 6333 4174 799
25 1989 7516 9705 3305 9417 2991 3057 7508 1110 2042 4297 9496 8037 7272 453 2557 22 3148 1640 5258 1755 3001 2875 9140 5621
25 9586 3262 2364 2763 1066 9628 2706 491 5993 9384 997 9284 9236 1528 5893 6078 8759 8122 8534 3404 4857 9651 528 5959 5531
25 3487 6639 9378 459 5874 8985 1065 6199 8276 4814 927 3586 6158 8728 1710 7871 3455 3053 8857 2450 9700 7879 6358 5436 6306
25 6792 7468 6663 706 8170 9188 3284 369 7919 3657 790 1346 8286 1413 1979 269 277 9838 7247 1902 3676 2157 430 1496 1763
25 8016 1428 7088 4454 3083 9757 8193 1205 8738 752 2391 3894 6368 8750 3739 9546 4619 147 6260 2990 5909 5248 9618 8249 568
25 9455 8308 9365 6760 4170 8 2477 5065 591 8926 677 6809 8261 5746 6308 2267 7650 6076 7647 7215 3317 1362 5264 8204 3559
25 7787 2820 1617 9597 1406 4754 1299 3183 8292 5149 8807 5726 7843 2033 4456 61 4383 8788 2661 58 718 1690 2854 8967 137
25 7345 577 7340 7950 3925 1370 7173 4167 7423 9914 1941 7067 9631 1202 9051 1382 4122 710 1350 8137 387 8982 2740 6985 2502
25 7105 188 7669 2520 3026 9399 1607 5330 5443 4866 5092 6221 3153 1182 7412 2287 9040 8340 7393 4798 4974 375 6646 9943 7910
25 6729 6014 2649 6574 170 2099 4166 1531 5942 6655 4545 4342 621 8425 2985 5911 4036 9623 8938 2254 1926 6986 1206 217 1320
25 1823 4928 9301 7151 2303 1560 9418 792 2526 1031 89 6437 6136 6422 445 5428 4498 3768 7126 5005 4106 2784 856 4873 6610
25 2289 9310 8971 8358 3402 1106 9664 815 7673 7908 6617 3332 7974 8154 5152 6037 999 3924 8747 4481 8434 5788 8500 9245 8663
25 7394 245 2932 2886 3201 53 105 1603 567 4235 4578 918 5447 1247 5921 2136 3410 5091 3530 5015 1801 8854 2937 7912 693
25 8525 2304 8881 4464 2659 6125 4718 4522 2558 3133 6021 3002 4437 51 7225 9690 3569 9911 5719 1656 4991 8384 4747 6706 4205
25 6495 2879 4265 7590 5367 8608 8822 2878 9311 6477 8498 7971 9556 7674 6039 6536 3995 5699 8482 7820 7348 5644 1726 3492 2896
25 8156 14 3646 6879 442 3289 6802 979 3130 1939 9883 7298 8539 1385 161 7521 5355 9094 9650 822 5745 6304 2013 8096 2461
25 5626 4664 87 6924 5329 30 8884 4391 4129 2794 6535 1821 6658 1929 8507 6318 6020 1704 8952 6771 8407 6278 9999 3396 7732
25 4306 6602 5967 1000 1993 5265 596 2487 7077 5588 3939 2081 955 141 2927 8943 465 4860 9102 2811 5806 3340 5903 9644 6016
25 5664 9953 1091 1578 1338 1580 5451 9759 2235 3660 6723 7297 1104 4034 1526 7171 3380 1358 3588 2757 1054 5844 5772 3008 5889
25 9979 9666 5356 9249 3650 1766 7208 5707 222 2538 9353 8326 1654 3309 4997 5650 2348 4242 3481 1344 8833 346 7725 5537 6684
25 4572 8692 7944 2586 5077 3745 4381 929 4667 709 9517 4831 2206 5584 4693 7360 1425 1133 3983 1568 2294 3613 7759 203 1722
25 1433 155 3146 9077 8951 6089 9156 8322 3658 3347 6923 8649 1036 6074 5380 5972 5916 8791 8101 550 5975 7229 1297 8629 3752
25 3310 1698 8536 1762 4398 9890 7667 1734 4922 2726 1132 3902 1671 3641 3177 4353 7857 2026 2463 7356 1991 6539 7023 4351 9843
25 6491 6323 2275 9785 3062 8424 7009 9264 8970 5586 5249 4631 9665 1856 4120 8444 5702 704 1896 875 7172 8889 1750 8614 1452
25 4872 1334 624 3222 4510 1506 2709 6097 3394 9258 2212 782 9177 2885 7809 5207 545 5616 3791 6064 2408 4142 4358 5571 9848
25 8458 2266 8015 3841 3698 7299 9396 9215 6820 4307 2438 9003 8213 8783 6888 9987 100 1848 5438 3416 8076 2997 1700 6995 8605
25 1934 9318 8466 4611 1772 2200 6814 5998 5735 5939 9036 8584 4909 4893 7357 6896 6813 1171 7385 4482 422 7689 4369 1075 6541
25 8784 5339 6927 7497 7392 1168 1564 1843 6190 8347 521 3840 3451 3075 9761 4826 3025 5113 9608 7819 1793 4466 9614 9162 2749
25 9144 3742 905 1369 2097 4971 249 6650 7575 10 2385 7916 6184 8623 8147 8031 3748 6319 502 628 7599 7233 8294 9548 9082
25 2646 9661 6272 4443 16 9256 2271 6562 4299 152 295 2753 4507 5799 7191 7598 5192 851 132 3719 401 7886 7504 3154 6285
25 7228 8862 3753 2539 8232 7281 1417 49 1771 1981 3882 7294 4550 1099 8475 7326 5300 536 6744 8398 4079 736 8996 3941 3503
25 4127 8823 9219 154 2096 493 1117 6126 9018 8005 9975 1757 8636 6966 2744 5365 5753 8990 724 3575 7834 27 4231 7956 5334
25 6 5314 5423 1548 187 5125 308 3593 2559 6591 8826 4601 8013 3274 2452 561 4861 3093 2982 3267 1541 1135 3377 2109 6953
25 7487 8553 1424 5070 1151 2103 8069 5147 7479 4890 3190 3378 3716 8515 1685 973 5876 2243 5796 2728 4157 2543 8456 9828 5782
25 1041 2313 2904 720 7625 5450 7324 7414 1076 9137 9625 5200 6903 9294 8532 5568 6307 565 5496 9768 2397 233 6331 381 3911
25 3337 679 2178 4193 6135 699 9052 4488 7026 4627 7845 2246 7545 8049 2634 4048 734 4980 6948 2952 2630 8445 9731 55 8595
25 1270 7718 8556 9414 4463 1096 1166 6823 3004 250 3276 3747 8012 5415 4293 7600 2236 8574 490 4889 5656 4908 8764 7242 2663
25 4944 3829 6717 7553 4043 3152 3166 2129 4474 7814 392 1593 9465 6868 8153 1787 3176 7631 3942 8120 7571 1024 7635 6725 7610
25 8785 8573 9678 1002 4294 8185 3415 5270 4780 7129 5497 3194 1292 5411 6435 3932 157 909 1498 2251 1349 6415 8142 7954 2049
25 4249 1827 3312 7595 5978 7163 9483 2365 5599 1032 5857 3281 1665 4577 7019 2730 7660 1632 8355 4863 3125 7202 907 8441 2548
25 6470 888 7320 7080 1142 462 9796 9115 5995 9106 7383 3436 6336 689 4519 8233 9850 1930 5780 1357 4228 6867 6590 5914 933
25 1367 9252 1060 4363 2550 7969 5225 1785 7365 9107 6214 1961 1539 6582 5359 3325 8135 884 1706 5250 1416 7534 6384 5471 9754
25 7653 5580 8227 1915 4573 1522 1160 9713 8809 229 3735 9462 486 7071 5008 3490 3926 4700 3297 1087 5190 580 9199 2583 788
25 5694 1092 4240 73 3454 1501 9633 8099 7091 6386 2349 1169 458 6217 3409 6276 2532 7535 5342 1365 5197 9642 108 4580 301
25 5044 470 1811 4847 5517 1281 3730 8217 1537 2190 2386 9029 9971 116 830 4302 8915 8966 5132 2514 1852 4022 7748 5479 8319
25 1459 9017 300 7932 7255 3220 3896 970 691 3597 1576 9888 8008 7583 974 2232 5701 2172 5499 1679 1571 8318 8302 8601 3906
25 7438 5001 4597 2600 3128 8225 2497 8141 3009 7566 2725 7891 931 6865 1570 4447 1267 4552 5630 43 5598 1649 598 784 305
25 7431 2468 4399 1398 686 996 9849 5025 3106 7567 7896 6843 8729 9241 4690 9131 9357 1735 3608 2658 7198 7838 8105 1387 5530
25 8272 3975 2229 6791 2595 7619 4633 7786 1873 2803 63 405 7893 228 901 9234 3355 740 8972 4559 2873 5484 4500 7552 9366
25 3980 3910 4864 1631 1639 7517 6761 9643 7254 6216 6603 5714 5923 1667 1025 7118 7526 9592 6299 5266 6344 5278 6576 8839 4603
25 7741 4484 6934 1502 6053 1563 4459 7266 9045 9576 1223 5906 7642 4145 2771 1332 4672 5787 140 5287 3595 5032 7249 4308 6101
25 2517 6743 4028 2800 7210 1855 9172 5667 1312 7790 3473 5683 2842 1505 3603 803 2536 1165 2513 1204 6013 826 9464 5420 5463
25 2721 8568 7810 5961 7095 8140 5476 2780 2169 9409 9027 246 3447 256 2554 2419 4349 7917 3700 8241 5731 9558 8184 2695 6441
25 9814 4058 1298 1575 3304 3063 1368 3233 1148 8794 6589 4528 1529 6009 1886 5569 3228 6893 526 6937 482 4215 2672 179 9152
25 7285 5274 3763 2798 4681 1834 9196 8697 5407 930 5840 9786 4976 5201 5042 3985 2211 9634 6174 673 2541 3787 2574 3077 9921
25 1975 2462 4330 4371 5617 515 5163 4787 8523 1846 1049 1971 2956 2039 6081 6728 5836 857 475 82 1012 7510 7707 8557 8598
25 9648 1252 7815 4468 8095 9685 6085 9089 7122 1659 3005 284 4180 7847 872 7560 4339 5513 7960 313 6795 9839 1533 1289 101
25 964 6309 517 8161 9493 5485 9916 4457 6765 1562 5948 6300 1620 5936 2849 703 3726 3582 2776 7472 1150 696 8469 2025 7854
25 8655 8511 4520 2815 6271 7967 8866 8496 785 3302 56 2120 8814 6027 2934 7618 4518 5312 9430 9369 4314 3869 2772 3294 2074
25 825 7997 4679 2953 1438 7823 1832 505 2674 3562 7034 4328 166 1782 4108 7890 8074 2498 1792 5565 9722 7909 5754 438 5821
25 6902 5482 1039 1874 3669 5697 7035 3981 5795 1482 6768 7580 6046 9448 5814 5195 8134 4608 4377 227 8983 1038 8127 3064 2977
25 3359 5462 4273 5281 6859 6222 5233 6837 5555 5879 3107 8712 7782 4018 4411 863 195 407 9243 2084 9225 180 837 2325 9471
25 7711 2999 9276 2941 4445 4892 5808 3419 4418 1445 469 6528 8847 4979 6928 6497 9874 7763 4187 2758 2431 3547 8224 356 5913
25 54 8078 3728 7975 6613 4739 940 1678 6326 3609 6973 8211 3068 1059 4213 3992 2098 5023 9673 3324 5259 7388 3529 615 8819
25 9880 7328 7616 4324 1371 8924 4491 6822 525 434 6120 2856 4982 5241 349 3141 9770 5509 5461 8755 7796 9002 1538 6408 5138
25 9220 2983 5402 413 6737 1517 9842 1045 2703 2493 1170 2002 5408 9195 3594 7982 59 1291 9266 8941 5670 1062 6475 6936 9798
25 8251 8380 6355 9277 5935 3938 1903 9170 159 6177 9244 3484 6443 5171 1676 2888 9128 7803 3351 9317 8223 7464 7471 5056 5813
25 6621 8643 7221 7648 9288 4553 4417 9635 5507 1731 8751 7807 7327 5878 2793 4504 3930 7539 1257 8949 4635 5185 4542 3715 1744
25 3801 6560 3674 958 6750 2602 2560 6916 5663 7822 3854 9138 7582 8691 6885 6316 9730 1164 9114 6114 2944 7271 4958 6988 6154
25 6467 5186 9697 6042 4414 9439 4188 4791 9837 4843 3544 8816 5400 7903 5459 5038 9268 8628 6156 8176 414 849 833 2504 1186
25 5490 9030 9851 7743 2616 5388 5291 1043 7433 3579 6931 5566 3085 7799 7735 1006 9589 975 2394 8216 513 218 1944 7319 3848
25 4810 7447 9939 9773 824 2008 2125 2694 3661 2713 1732 503 4296 9694 7 3082 3585 5135 6919 306 1361 4421 2810 5226 5062
25 164 8702 8799 9800 5951 5611 639 3463 9405 8768 5527 9446 4005 7955 4321 2295 8550 361 7115 1770 2104 3725 1663 8201 6378
25 1216 6914 8932 5979 523 5468 4970 6749 9452 1630 4999 429 2988 9976 9297 1507 7142 8260 5574 8002 814 4933 7030 9397 2767
25 6131 2080 1597 8555 8717 4263 861 9710 5990 76 3124 7753 3734 7349 5331 8604 1746 4592 7663 1229 9801 9164 5246 4865 362
25 4054 378 1401 5047 787 4793 1418 436 5672 94 7509 6800 8772 520 8980 1503 9707 7107 2329 1585 6842 9298 6849 6679 2166
25 7563 3509 2262 6393 1241 1022 1457 3510 4902 8479 9920 9134 463 7068 3142 5987 671 3793 4501 8022 6419 1189 727 1866 5653
25 6365 9626 917 9667 156 4331 3620 9368 1460 8929 5399 6579 7036 3892 6366 8295 4126 7990 1115 3831 9854 2948 3199 2826 4948
25 7133 8200 8029 7144 1419 9807 2399 7070 8597 5777 1079 821 667 426 8208 98 2281 9951 7765 6425 3804 9497 1307 8111 932
25 3213 4593 4685 5090 3042 8685 9343 1243 8575 1470 4894 4806 7199 7511 371 817 8626 2521 5277 7704 5873 8514 7330 4941 6349
25 8718 2141 6476 778 3168 8503 8588 9216 8317 9048 2816 8666 5503 7375 9024 4527 3227 9861 737 3624 6873 5502 8379 8067 5475
25 7536 9032 6588 6654 6376 169 9201 7525 9085 9001 5493 8136 2838 2640 2942 6067 9835 5404 5188 8404 149 9395 4438 4774 4984
25 8683 6678 6624 5970 4852 761 9815 1178 7764 4192 3627 3357 4835 8250 7363 1254 1739 883 2731 8829 3272 8403 1378 5639 7962
25 2018 2050 6187 4221 7157 533 3336 5725 1259 3567 4374 1364 3249 3069 3643 7984 8665 8202 6041 4317 1432 1513 6314 8448 1
25 9158 5121 7562 6261 7302 8740 753 8610 3333 8382 3059 4490 1838 7331 106 762 3122 1451 9305 1662 4272 6798 6829 9686 1879
25 9780 2367 28 3599 3476 546 3522 7700 3915 7179 9570 5095 5397 1222 1447 6858 9401 7870 3033 5366 5524 477 6087 9601 3536
25 9657 744 6922 5311 8356 2063 5781 4602 8117 818 4521 6117 121 8804 4027 5865 3813 4410 2161 6405 5816 7145 323 8240 1546
25 7267 2332 2596 4222 4807 9875 2473 4509 8470 4428 9927 9319 5601 4462 3736 9947 5523 8368 9789 866 3961 4312 6164 1331 4773
25 1215 5054 3935 408 2068 5980 7693 1336 7768 5818 2699 8497 7032 7418 5887 9704 64 9229 5677 4805 119 9662 8285 6509 9609
25 3721 4092 1126 5902 7977 3348 8334 3231 232 3108 5938 1347 2105 2260 4053 1527 8928 8341 186 8053 2981 5532 4065 5717 1325
25 6055 4659 2993 6634 9627 1475 6025 6499 4194 8607 7920 9988 6447 9111 6065 8873 112 2628 571 8501 1515 7533 7355 7780 4811
25 6281 6241 6060 2398 6088 6997 7540 9753 7043 7537 4506 4517 8011 9855 4653 8723 7861 1612 4359 2973 1556 3236 9041 6200 1670
25 2316 5643 1448 4977 167 4561 9463 6570 6284 882 4606 3691 5252 8865 4727 4554 5872 8421 2378 9821 2814 780 578 1190 7678
25 4673 8622 7578 8908 9434 7934 9488 9649 7277 202 3048 4368 7188 1352 4656 2611 1664 7894 7057 7147 9376 351 9806 3501 9021
25 7460 4316 9958 1728 9208 608 7592 5545 7770 3445 4856 2779 7804 6146 9074 9334 1717 1082 6598 2773 5191 2762 9379 9527 6274
25 6353 5520 7160 6660 7865 3580 1145 6699 4688 5256 2525 3598 9512 5187 4176 7184 3963 5945 1790 9203 7085 5589 5004 9429 5382
25 539 1905 4978 8892 2653 9994 5405 4900 4168 6293 7241 819 2936 4146 5292 714 4705 8266 6448 8443 2174 3953 5576 456 9392
25 355 6070 3278 9524 3424 5262 3867 1250 5122 8671 9545 374 6017 5675 987 189 6083 2827 6233 5043 8656 1285 4068 1642 5384
25 7146 8548 88 4243 5849 8987 9711 7646 2874 8579 9695 5363 3798 4161 3123 9738 2938 8157 2665 2078 2745 267 2053 8121 9569
25 3795 1476 5217 5109 8634 8222 1875 2321 1481 1030 1313 5344 2805 6661 3999 9371 6106 2774 4929 702 5974 6243 1199 4113 6521
25 8395 2366 5221 2137 6204 7367 6500 3858 6040 7777 678 7435 6532 2175 3727 9035 4954 9443 5346 3874 468 4183 5526 4403 7194
25 5908 6005 9638 5108 8375 6167 5086 4888 9985 1798 9728 3160 3873 6637 1090 1600 4621 5838 4015 4264 4060 4357 5126 1530 8345
25 3515 8739 1595 5064 7269 6942 7925 9149 2179 4077 8361 4636 5668 215 8178 9955 2618 24 5915 1857 9523 9991 6698 1473 712
25 3694 8145 9467 6977 6884 7300 2234 5682 5744 7939 6606 5843 9103 7877 1152 4469 2569 8805 368 2727 4975 9348 4995 3188 6910
25 396 6559 683 4583 2430 7055 6185 6367 1523 1235 1567 1967 8801 6944 2566 1121 9014 7480 8036 4663 4505 2907 1014 7317 3767
25 204 376 1982 6369 4878 7445 5205 1729 2417 5049 8303 9932 6950 3683 8041 3714 7795 2353 3129 391 2409 7234 8123 9159 9579
25 4074 7176 9479 4493 8492 5470 1814 8339 415 5695 5764 3084 3488 4678 9885 4427 8088 1111 7139 6189 2302 7630 8077 2533 4965
25 9919 4723 6801 1046 2576 939 7453 6255 8880 4185 4440 8527 2208 3356 5026 4882 7936 2339 2247 5742 9344 3993 1198 3762 3729
25 8087 1172 9308 6880 4281 8646 4019 547 6841 3456 4479 518 6593 6957 2858 3398 8831 2631 5749 4862 4160 3722 5875 33 1582
25 7833 8206 9630 6635 1687 9004 240 5002 1804 4285 990 7220 8255 6962 3528 3459 4785 8578 9926 4436 9528 6786 6456 2173 6793
25 446 2439 7186 8998 3750 8973 8108 8024 7924 1093 4934 7403 1381 607 8803 5827 5492 2589 5941 5825 9760 7736 6230 3207 8231
25 4624 4610 5835 2415 8461 7001 4576 1337 1550 7166 4750 2562 1862 8433 6465 7670 6100 12 1813 3812 83 5738 9908 2887 3246
25 4189 9474 7557 5401 1760 3701 5636 4920 9864 8789 7684 2054 9039 9056 6538 77 219 5028 2975 5962 69 8119 2892 760 1411
25 9742 2000 3519 5947 6165 15 9320 841 4408 2434 4955 7827 3363 9812 7594 4514 7415 9105 2458 9108 1871 5115 4191 6812 8394
25 2193 921 6264 1634 343 5722 7011 3680 8818 8209 2841 6556 9918 7232 5642 7474 8621 1910 8703 7478 38 3429 6023 1035 7376
25 9540 9265 9187 3058 2897 1641 3870 9207 8428 8440 1826 9093 5922 6265 3899 97 1353 1472 9116 4828 943 8657 3633 48 6644
25 5794 3560 7316 641 4829 2351 168 2876 44 661 8086 3320 6894 2615 3552 9063 4367 8468 6452 9525 8304 3242 7437 3898 3468
25 5758 9520 8203 8126 4386 7033 8586 9682 1020 7421 3659 6999 8975 2005 3709 8412 9699 1274 5965 3056 3138 9293 2850 1795 25
25 8150 5104 7052 806 4206 924 6502 2921 8309 7935 5792 3413 1063 715 3743 6625 8724 5009 7988 1136 9781 4329 4002 7808 7813
25 8248 5991 6122 6531 8596 5243 2807 4682 554 4288 5117 3295 325 3946 2328 1577 4370 7165 2734 6178 6693 8837 8115 9574 5815
25 5136 9166 6149 3890 7752 6758 1557 3690 1692 6110 1301 2079 4906 2924 9362 5633 2655 2845 8719 319 840 8263 1786 8682 9109
25 461 3966 7027 2023 138 7008 3827 5703 2043 2222 8214 1483 7869 4558 3707 632 2686 509 2976 8495 358 2420 3421 9214 5858
25 7817 1342 3521 5324 8544 892 9605 8057 8957 7211 7734 9033 7002 9274 1403 6712 4062 9813 9791 2778 109 4588 994 5730 984
25 6207 3731 9441 1469 4050 6028 3121 5309 7837 4452 3239 263 4623 9960 2336 5063 2669 8528 8742 9150 403 8262 6704 9180 5891
25 6530 9575 7520 7665 2766 9840 8058 7948 2216 6003 1952 1747 5022 6471 4801 1083 3471 8050 1894 6681 4260 4207 4716 7634 7940
25 2269 5018 5039 5570 3682 8256 7965 5841 9096 2233 8899 3616 7270 9995 6710 3367 419 3167 1479 466 1366 4590 352 2314 9997
25 3868 519 8545 1446 3417 1052 2428 5285 4270 6734 8367 7321 9095 479 2489 5706 9996 8131 8287 9122 3298 354 4283 1228 7671
25 5898 2027 6334 6715 3944 4419 9176 5547 6000 6566 57 5194 23 5596 7544 1606 1471 5218 4568 590 6059 2118 6115 4448 3774
25 3733 8664 9552 9720 4278 2335 1351 3648 366 3299 9213 3724 324 6111 7354 1316 7781 4159 3964 37 4070 2422 8594 6141 8397
25 4298 9068 7494 2795 4284 4483 7577 3271 7612 9799 1613 322 2729 4393 4071 7680 9323 1608 7311 5315 7789 9038 7256 9295 2480
25 6692 911 1912 3350 9183 2230 5202 3850 7162 3192 5035 5073 8386 8508 7223 6206 9185 6580 6518 936 198 5514 5770 6321 9231
25 81 5708 2465 9304 9607 4634 4919 2073 1017 5989 3589 7731 1984 4338 3449 5805 6350 2219 4752 4136 4279 135 9312 2625 5284
25 2400 7923 7361 3550 7949 6716 877 4850 3038 8693 5516 9046 3511 6551 5383 942 3649 2972 700 4441 8104 3929 5083 2926 4476
25 8672 9333 6481 5776 8886 5416 9603 9733 9171 7262 9886 8986 3923 876 9337 6297 2131 7343 4365 3214 3131 6832 2756 9831 211
25 1209 1237 6228 4605 6203 7076 8758 5112 4261 9475 9091 8280 6423 5928 1796 1751 1842 6107 260 5673 7084 5637 8220 9981 6547
25 738 6242 5014 5080 8882 9285 1777 4241 3666 8616 5946 4817 1161 1015 2531 6421 3573 7381 1962 845 7263 9481 8215 5839 7483
