29 466 6142 3302 8459 3401 6631 3545 93 1655 4606 9170 2805 5026 4455 4325 4991 7663 9156 9989 711 4442 7672 3285 5380 5824 9397 8007 7005 5111
29 4032 5671 6046 4583 6310 2787 9530 310 3002 7279 3 2686 4392 7357 8288 963 5736 4402 46 5662 7609 7505 4242 3787 2406 9683 6826 469 4034
29 9307 9439 3305 65 2148 8913 7937 2728 7048 2281 5448 5523 8387 5628 2935 5115 3873 6317 742 1652 5437 6010 8235 164 9085 276 4501 2888 1495
29 516 6122 949 8494 6148 6107 86 4063 8031 1182 5312 9122 9372 3093 8396 5211 8613 7512 986 5267 3996 7579 843 6286 802 7213 2534 3847 2765
29 5956 9329 1525 1277 4222 7313 5404 7254 6514 901 1274 3520 7485 8666 789 9386 7207 2613 4437 2579 4965 6776 5737 4555 6697 1032 285 3212 945
29 2634 4075 2340 6572 2301 2618 2275 412 9857 9430 8226 5890 5003 1130 2961 1892 3803 4906 3202 1958 6705 2162 6753 2653 6470 6901 493 9302 769
29 2953 9267 9462 8029 3069 3106 1412 782 4528 3573 4427 7654 5215 7578 6938 1451 2016 2102 2246 6988 4550 8159 5567 350 8727 7387 2885 7379 3127
29 3171 3939 3335 2943 9127 4914 1416 1850 5714 2283 9226 294 2350 2488 1625 453 8933 3816 6305 7283 3583 4382 2781 7161 712 2263 6977 4820 6116
29 3578 2947 7185 491 1419 1604 3961 9981 8211 1225 6724 1259 5046 3075 1754 8078 8128 5011 5272 4044 3799 800 3051 8121 2565 4668 6204 2984 8179
29 987 6610 9121 9601 6554 5407 6881 3094 1090 9293 503 7593 8581 9343 3945 6064 9465 4719 2241 7501 601 1900 9516 9469 4196 7717 7448 643 5130
29 6215 9086 5131 4539 3899 365 6672 3211 5891 5504 5909 6716 5098 5613 4625 8015 4874 7636 178 5963 5261 1286 7353 1211 3688 9282 97 1398 7245
29 9389 4401 4801 1513 8532 1943 4928 1291 4268 4633 8285 6931 324 4314 9188 226 8579 9689 4877 340 5840 5757 2440 7583 6564 6079 3370 2269 6037
29 6071 4016 3556 3754 7969 7974 5191 2140 6864 4083 500 4215 3399 5002 6211 1865 432 1716 5122 408 1858 8253 7644 4481 9438 726 2242 7219 7645
29 7780 4783 9107 1135 5421 6188 2404 1241 7431 6952 5055 9124 8630 9758 6828 3929 767 3574 2157 3384 1927 8443 663 8857 1511 5265 9566 9324 3879
29 1126 9523 1514 6528 7716 1306 8771 8488 8739 1183 1252 5532 9520 3152 5482 2580 9213 5722 431 9826 1782 2729 6662 7036 3736 553 9735 5221 3951
29 4243 1788 4462 634 5187 2679 3484 2454 0 1823 8055 3478 6660 7496 1990 8303 741 6240 7193 8786 7162 6606 5078 1172 223 1221 8409 4994 6378
29 8489 8643 5750 7047 2093 4553 9590 6780 8503 7434 2922 7126 8858 2830 9711 1521 9112 7862 6034 4197 7337 3441 2620 3973 6883 5725 9099 5657 4269
29 1724 7263 7840 5254 8703 6359 9138 5277 2449 9017 9036 5223 5047 8397 6283 7722 3647 8041 2693 7846 887 6541 654 1938 9561 229 5912 6513 6184
29 5964 2948 3948 8332 1489 2006 5119 2078 1115 5557 1121 8209 5427 2294 9558 3381 6480 602 3915 2142 1328 9609 8946 9240 771 6803 6749 8310 7153
29 283 4130 9875 6440 858 2326 8114 2876 1326 7519 2091 5563 9833 6376 6799 9957 183 4910 6390 1150 2477 1158 6014 7057 5020 7909 4876 1912 5681
29 224 9891 5625 5905 8835 3850 8493 5717 9518 41 7367 1124 8610 4363 6956 6792 9033 8675 8255 6386 6150 4335 7240 3154 1589 3123 510 7779 2814
29 5629 4572 7433 4087 4376 5086 8439 3259 2204 1054 6047 1472 2483 3862 7515 4036 9685 3194 3554 5076 6559 885 943 8049 1318 3307 823 2655 8149
29 8982 9604 8027 3322 9859 7901 158 3144 8677 8037 7586 757 4187 5319 6167 8751 1403 2341 2676 35 3231 1013 1023 7868 6302 8098 3999 1360 3386
29 167 160 7890 863 9027 335 4554 6308 6522 4374 7566 8479 2229 9824 1839 5991 2730 9591 7489 1125 739 150 7145 917 2185 4559 4073 8840 979
29 9177 5360 3817 121 2254 4061 8485 9562 4574 1910 6708 1475 2312 584 5583 9035 2833 9951 9749 4369 9167 4531 1370 9701 4945 2426 5571 8030 6218
29 6284 7430 8792 5031 6105 9730 2856 1500 762 8334 578 1348 6362 5907 3332 9502 5451 4856 3780 4005 7913 399 3380 255 4008 3241 7530 8306 9417
29 1366 861 8916 9363 1908 6558 1950 2738 1759 7946 441 2146 3846 8453 5845 2978 1588 3878 2322 2061 9688 3455 2422 4198 3360 5274 1515 2408 1111
29 6595 5874 7484 3205 194 7914 5165 7666 6547 7741 1757 6398 952 9993 9907 5457 4120 3371 651 549 1458 6812 4552 4375 7410 9958 4212 2450 7275
29 1073 5802 156 5233 5382 3283 260 8774 8197 780 1238 2963 251 9008 2669 9911 4765 8417 6133 6164 4191 1772 8819 2385 3941 7602 8092 4065 4133
29 2135 6555 1698 94 1100 3038 9316 2303 3531 6410 753 6124 7062 5090 3541 6552 8302 2523 5473 8062 8076 1583 6213 2316 9338 9639 5835 3114 4026
29 7163 2003 4305 4851 7656 5908 7864 7127 8291 4636 6730 2977 677 4322 4371 8769 3343 7518 6503 6973 8089 7651 8084 6779 3180 9557 421 9300 2663
29 7694 5440 8277 1426 9889 6853 2550 1546 5124 934 5879 5486 6561 4747 4239 6293 7315 1099 2059 5839 1271 5138 9368 5873 3676 765 817 9846 9839
29 281 5178 4513 320 6858 1000 7147 2178 8718 7930 3297 2419 6368 7738 8762 1708 6214 6843 6432 2673 1295 9487 8826 8232 2798 3494 7359 8480 5205
29 813 3473 4259 1510 8203 4997 707 7232 8502 9270 5369 2308 6449 7352 60 2551 1482 633 5522 435 3820 7494 7965 990 5287 7302 1173 9239 689
29 6224 7796 3230 1413 9801 136 8910 2544 278 8768 6216 6337 5232 708 6921 6570 5960 4272 3026 8504 6897 1914 6220 2129 8571 6217 7931 1887 4248
29 9025 3268 8437 9011 5691 5416 4445 6137 3462 2956 5982 7693 5257 3673 7137 9264 8186 4482 3660 1734 914 9878 36 2012 7418 2778 5516 5479 6229
29 1215 7648 573 3698 2775 8441 2800 1191 9790 4887 6608 4072 9718 6423 9354 8944 5740 2969 7891 4645 9533 3024 9449 2472 6346 3949 4727 4563 380
29 3358 7867 7142 3006 1038 2159 9814 5193 9453 898 3788 4319 2997 6886 2926 8714 6009 486 5673 2209 2054 9507 9460 2740 2196 8866 4939 7896 3597
29 7190 862 891 5922 5620 2173 4273 5331 5349 8213 6763 5649 7297 3606 6210 729 7191 445 4307 3625 4107 6899 4810 9831 9219 5551 8980 3299 6085
29 9488 4731 6688 6762 7858 1153 5430 6363 4773 7039 277 6326 5146 2005 2066 4156 3940 7378 2432 899 7731 7238 8281 2144 888 8190 3874 1408 7733
29 6055 1684 7495 5387 4902 104 8542 7845 7777 561 3277 8797 7626 7999 7865 4309 4210 8873 5295 3044 8411 1185 9922 1217 3047 1143 1450 4493 5723
29 2742 3687 5942 7795 6587 2356 4348 5222 2562 4864 6591 3387 7884 3667 728 8006 6693 3214 6739 5104 3833 2772 5885 7390 7990 8530 6379 4278 5543
29 6771 4074 8346 7466 6430 923 9722 1321 4240 6766 2875 7231 9614 6212 8440 3861 536 4202 574 1540 3419 5145 3932 2716 8112 2766 3988 3535 8353
29 105 4706 920 5703 8250 2616 4381 6801 1857 7176 672 5573 7214 7917 7704 6084 2642 9015 4631 6784 6998 6760 569 2161 3706 9225 4756 6770 4020
29 2893 8678 1721 7799 9563 6816 7746 8695 1867 8561 9619 7943 4329 936 9128 7154 3519 2776 3275 6808 2334 2320 6402 5531 2484 1181 8468 9934 3272
29 6190 5602 91 9835 9366 1418 1975 3813 9153 3766 5083 9987 108 7781 7054 5643 834 9969 3746 7021 5870 1705 5478 4861 2746 6736 1818 4982 3821
29 921 1615 8715 4766 1392 3366 2615 4579 6298 8011 5394 7657 809 7829 4642 7844 2487 6964 218 8122 2296 8506 2474 8403 1376 3789 6638 4236 4942
29 39 9716 2104 4726 8541 916 7766 3977 7614 3549 4477 4659 4424 3204 9392 474 1601 2880 1138 9887 418 7856 1166 1485 1873 8868 9778 4786 8279
29 9658 7706 254 8134 3571 8299 5521 2525 3985 7933 4023 4702 8427 323 8272 8789 2514 9390 5735 5112 8406 5687 1478 5043 2277 9252 5580 8906 5224
29 5028 9578 6729 4663 5018 1435 2329 7174 4794 3600 6665 2732 7647 5239 3417 6861 1393 4217 5713 242 8863 6539 3482 9044 4099 3609 8206 664 6231
29 8680 1768 2413 6834 1171 7939 1207 8391 3215 5623 1308 6277 3175 4826 4154 4045 2975 872 6888 9659 3377 3136 7604 4825 551 157 5592 5340 8589
29 567 2879 4472 470 6840 3485 5129 5258 7520 5680 5765 9291 4368 8570 7525 9303 8960 7404 7262 6456 5946 5202 5726 9479 1607 4300 6726 7290 8974
29 4064 4022 1020 3287 4543 9004 1424 5137 9075 6474 7633 9515 7031 2754 1632 9756 7070 2828 6059 6867 8017 3271 3320 1233 1750 3050 8460 686 5564
29 6492 5471 2004 3037 7775 2566 9570 2103 4969 4468 9096 3168 8796 7679 6740 7812 2424 807 3116 5139 7942 4802 4228 1563 5398 8144 5253 312 8177
29 6002 2690 5830 2874 2898 128 8312 9152 1004 4755 8545 7059 1983 6527 2570 4178 5284 860 7187 7408 5452 8659 3523 8021 8132 618 4738 3512 1776
29 1743 2871 1582 604 1609 9598 7918 2047 7068 6884 5346 6181 6510 7661 2416 5418 5250 3842 927 6711 7842 9588 4652 2783 6974 4145 1159 866 9050
29 6727 5244 8625 7603 5008 7210 6178 2164 8540 458 88 9277 6162 9254 8921 2517 1498 5546 8783 3998 119 6835 661 705 22 6573 3495 7597 9190
29 5304 8095 722 3243 6904 1057 2359 9829 8069 3079 755 1278 7474 5091 3269 8276 3500 7828 3585 9510 9131 286 355 1593 3352 6502 4014 5783 32
29 6280 5665 1729 4235 3274 6170 1176 8374 5772 8961 6436 1931 5537 4508 649 3253 3414 230 4059 1664 796 2464 4934 5937 8972 6096 2227 6652 3059
29 9545 238 902 1649 6649 9191 7447 5653 492 1973 6627 1760 489 3100 594 2233 1386 501 182 8669 8183 4888 6500 8064 6021 62 4768 607 1149
29 7109 6751 8728 7037 6920 7687 8778 9216 9991 363 8962 5556 617 9538 9804 9553 4373 8772 1827 3761 3968 9737 7462 2944 2110 3680 4226 7477 7676
29 1939 2362 1204 7273 3233 9313 3521 644 2152 6918 1307 7330 9206 6338 1262 6703 3993 6112 5962 2784 1926 1884 7325 7055 4558 1352 96 4819 9669
29 8976 3303 5577 5605 6189 4003 4165 1501 2866 2141 3798 5039 9595 9822 2513 9070 6097 8219 1459 6862 9341 3099 4441 5579 1340 2290 814 1250 4323
29 8101 8205 3157 4885 6031 2399 7451 2603 7399 6668 1832 9271 919 5809 958 2100 6874 1294 5992 6950 9909 7383 2118 2557 143 9073 2025 2500 2106
29 8983 425 550 8434 8208 6005 3654 5797 5780 3156 235 7083 2289 2554 1407 3188 659 5301 4453 7236 1387 3806 3098 9071 5786 8941 9736 1394 6065
29 9184 1323 9311 8117 6671 869 1377 3641 6532 1560 9211 7574 7086 6477 4822 5751 9584 9284 2591 131 2081 8733 4121 7454 2199 8106 9259 9559 8307
29 2574 130 7164 880 4918 8538 4328 8966 2030 1043 63 2214 9418 2082 129 216 1567 9672 5480 2831 1192 6088 964 5445 3288 539 112 9007 6805
29 5173 5365 4995 9359 8513 5621 8690 3756 9799 8930 3719 5540 2429 5405 3087 6400 9246 3561 3264 4129 2604 8154 8216 6232 7475 3612 8019 9470 258
29 477 9001 2211 5697 6392 6067 8358 3976 3454 6715 5226 1417 1246 3427 5117 4679 5766 8632 6130 3256 5761 4560 5235 5502 1506 257 1671 4103 6179
29 4613 6689 8221 876 4744 4557 2138 2785 4347 9759 586 6914 6529 2126 8236 8698 7280 4274 2597 5499 2080 3872 537 559 1128 4466 7627 4590 5449
29 853 9214 1658 8133 7954 3540 8588 1463 293 1388 1336 2282 3025 9677 7113 9110 6355 8008 7555 7066 8512 4988 9742 4012 1186 8837 3708 6226 3504
29 6428 5798 1196 6123 5811 7306 8553 8405 1441 4842 1075 545 1585 6119 5995 5666 2769 9352 6171 4922 4170 250 7641 7637 8813 2034 580 2701 3170
29 3032 6296 5739 8716 270 9424 6496 7135 8152 6200 252 8601 5803 8888 1902 1901 9603 9087 382 699 6172 2371 8647 5077 7886 7938 1469 6855 9120
29 6598 6321 92 745 4413 3463 2825 1245 8663 291 7894 3538 831 7824 3119 6783 1389 8270 6574 5219 192 8609 3800 9632 2703 8198 3160 1964 2696
29 4780 1505 5203 7665 7096 339 7524 2990 3431 4048 379 3392 1999 82 1890 681 9680 9806 443 3718 3679 7952 8981 8656 9883 20 3938 5127 5614
29 5760 9475 115 2053 8904 2131 2132 9420 5659 9198 6939 9442 9232 4795 2877 4492 7285 4736 9825 3634 3356 2496 4430 1232 3972 3394 5683 1736 4941
29 9696 3282 718 8262 8323 1517 7599 7209 828 5207 5940 4650 5273 4124 5342 3588 6588 5547 1798 3251 4177 7996 1309 139 5259 8917 4489 9971 1534
29 6509 3226 1027 3327 511 266 1610 2313 2747 7807 4290 8246 1227 7286 5179 2348 9205 9996 3858 8393 4586 3239 6078 7486 7439 2361 3267 3705 9393
29 8273 5201 1257 7557 9943 3902 6962 7182 1551 2677 896 7570 2124 9375 1203 9032 1202 1117 1137 1874 4349 6712 2115 2532 850 9335 5508 4865 6968
29 9233 4758 5897 1292 5234 3684 4598 23 4665 2271 847 5153 6426 3280 2188 7981 1715 4386 773 7035 4116 6319 5174 2332 3319 5812 7091 5777 9572
29 5477 5519 1390 1049 3734 6411 9022 7343 2505 8582 5633 960 572 9041 9398 3321 2400 7980 9215 8732 3403 1561 1599 6406 4232 9649 4334 2256 6602
29 3237 5134 8341 6882 625 9477 5841 7951 5097 8621 1060 1239 7452 2723 2344 6195 6621 6036 3072 1425 3759 5612 1276 3105 40 6794 6108 7450 2705
29 851 1752 5987 5151 3785 9349 1039 1231 6980 3595 1790 3957 8838 4216 7843 9106 1440 8722 3488 8185 1674 7233 8940 4866 3334 2033 3111 8593 7110
29 9766 5158 5297 6042 5658 7711 1167 5985 5032 69 2368 9676 5357 4627 2906 5103 971 2384 2913 731 7831 9014 7202 566 8090 2588 9966 5196 7205
29 7776 701 8218 392 1242 8958 8529 4220 1972 7149 9816 3569 7071 4015 9227 7023 8313 3187 954 2539 8860 6412 1854 4860 5867 8616 7718 6781 18
29 347 799 7747 3851 7437 6295 6802 314 9381 513 5001 1888 5315 1577 1661 9884 5373 9646 9717 9328 7456 4255 9631 6866 3995 8848 57 9548 2143
29 772 1594 4476 8057 1802 8127 9552 1247 6325 8382 7720 8765 5550 1539 5182 8435 5095 2538 1846 3015 3537 7989 3905 7211 423 2694 7552 5264 9068
29 1809 8036 3234 6452 9940 8124 1756 4568 1813 756 3456 9395 7994 7667 3568 7097 1282 4058 1249 4772 4752 479 8842 4676 9924 2863 3970 2981 3242
29 5705 7159 1659 2205 9089 3013 2914 735 1727 6946 2375 3172 4556 8043 5616 8247 7075 5378 8318 5719 4153 5370 8271 8239 8535 2751 2292 9925 5381
29 5924 8174 5289 4691 8173 180 9517 7201 3396 163 9125 6434 7465 4298 1812 9144 4409 9948 4502 6004 8986 3823 733 4004 4931 4800 1402 7533 7707
29 7003 9674 9030 1611 244 6906 3470 5568 9729 6590 9694 321 1579 9117 5787 7594 7595 8338 397 7482 529 5279 1293 4313 6465 1268 2265 3042 8075
29 4776 7006 6198 394 4301 7268 2378 8259 6177 3596 9529 4978 8895 7369 6352 4603 2731 4266 5581 9926 2658 8012 6268 6537 8587 5708 5685 2735 1189
29 3508 9074 3315 6473 7916 5949 5501 208 6755 6077 4996 546 496 8604 6024 2383 8365 8741 1372 8854 8971 7252 7277 6871 5470 9945 5108 5702 7498
29 1357 650 7189 240 9183 638 3717 9414 9876 1796 2672 4677 7523 331 8692 9305 6358 5944 5149 5690 3587 8296 31 6639 4367 7977 3223 231 9294
29 8342 8901 7739 1415 3650 9461 6942 4804 6141 8191 2293 6733 2109 721 9388 4182 9982 1952 1870 894 6099 6994 3515 6613 2232 6074 4094 1447 6066
29 98 4959 3159 5363 685 4425 7522 7088 9136 4162 9932 9346 5320 9547 6912 1738 2624 2462 6187 1098 1162 4769 4487 4605 2627 2022 4147 3835 5399
29 2245 2516 7192 7033 4354 4798 859 1631 744 750 4199 7624 3448 4649 9473 6623 3910 4953 5472 3344 8404 2639 1803 1552 9513 8926 7186 3102 7682
29 9236 7750 9504 5893 652 2995 498 386 2999 5006 2900 9298 8241 5778 7511 3101 1253 1554 6618 461 7923 1935 7298 6354 4844 8295 2258 430 9159
29 1285 1136 1937 8575 8851 667 6795 4523 1144 9600 961 9180 1105 8421 8119 5409 714 2390 8936 8523 2752 5278 5161 7714 4070 3678 1633 4624 5562
29 6263 4753 7469 7510 7007 9157 6146 4696 620 1490 9977 7394 4265 2595 144 946 232 7861 2336 7335 2374 7041 6907 3464 6643 451 2509 4052 2904
29 5327 5574 3048 1184 9334 3901 3388 1682 865 8682 446 2807 3435 2197 9965 8113 7835 3672 2008 6247 7223 8599 4095 9200 9755 4040 6765 5212 8227
29 4029 9763 4566 289 3355 9421 9612 4135 8767 8022 221 8070 4205 3560 981 3552 9872 4829 4610 8481 3337 459 797 2077 2353 6640 1638 1636 9166
29 5298 2689 3536 3670 8482 1160 5069 1003 6091 7607 3575 9841 1898 9370 2503 710 4684 619 6551 1584 8047 4622 2817 4505 3640 8924 1330 1537 5411
29 6304 2960 6929 80 5918 5106 236 3582 5838 2397 2664 1108 4979 2724 5887 7294 2636 5000 8088 1367 678 4038 70 2154 2469 6589 7292 1080 2330
29 7877 9113 5496 172 168 1683 8606 6594 9753 7926 5156 7072 5642 7092 427 6225 8052 8356 4903 2812 6020 8908 7727 9377 7701 7250 7563 261 8804
29 7966 3045 8103 1118 334 4565 4792 5217 5638 760 370 2809 693 9779 5826 7265 8914 1871 6328 679 5823 5983 3011 2097 4435 6743 4970 2934 4771
29 7850 1778 8068 4013 7785 8398 8880 2932 5898 9441 2522 7660 1894 8654 8424 7684 8407 95 6353 5975 7806 5553 890 6992 5884 6460 9371 9135 3707
29 5034 2096 2415 4047 5074 4271 4399 3281 7838 4394 3400 8806 7541 3331 4548 5868 2179 8147 333 8760 7869 3683 8063 9933 6832 7468 3697 7312 3959
29 3668 4882 9848 4176 8336 9947 6996 9752 4174 170 2938 4880 9003 4990 8947 3662 6603 2661 8685 272 1198 6039 1113 7389 9486 5828 2221 7924 7788
29 7956 1859 7463 930 8450 7271 5916 8509 9241 2862 6641 6538 1334 6288 2710 7420 6546 6986 7441 7915 9851 1580 5492 8562 6823 1799 8207 298 9693
29 7804 4287 6959 8991 8058 6666 5829 1889 6536 9376 8465 1333 6995 3642 4855 543 9811 935 7742 9199 4993 3382 1029 5542 440 9645 9322 4673 3132
29 9055 9537 9972 8077 4223 8139 1487 8287 8700 1568 50 8244 846 5998 6516 1984 3480 4148 3192 9208 1936 8286 3125 6553 1070 195 356 6791 4544
29 5827 7528 3994 14 9895 8875 4675 4136 6350 3966 5688 703 2994 5821 841 1164 7841 1383 1200 259 3372 3328 56 9671 3329 830 2650 3262 6620
29 9715 2253 3404 9780 3058 3751 8267 4060 225 915 2759 2790 9348 7655 6136 5243 8997 7664 785 5576 8865 7985 4454 4200 4046 2261 1452 8987 3150
29 9874 5084 7820 9792 3016 9010 8657 9915 4692 4897 8412 7181 5999 6100 9644 3722 348 9217 8166 2704 7992 5578 1989 8892 4355 390 534 5603 2518
29 7945 1557 3747 2267 166 5197 7769 3357 8608 9681 7873 7248 54 3176 8292 4257 8638 3834 2695 557 7834 5820 2512 2476 6930 3199 6719 5729 5100
29 7309 7405 1981 4962 3720 3261 4150 2445 1195 3927 8816 2011 1265 8993 9526 3989 5426 5843 7372 8042 9062 426 1397 687 4139 8702 49 2394 6446
29 6951 7908 676 8388 8484 2519 7628 2032 7771 2836 9727 3220 2218 4722 5048 2121 7978 5225 5836 8920 5010 6138 4584 6949 3503 5637 4195 903 8492
29 8143 5513 7905 7146 1645 3975 737 9105 1961 1234 9597 3914 5927 6915 5105 4101 1807 1542 7042 2770 6154 3562 8195 9251 5720 1028 7225 7443 8673
29 4600 9706 3741 457 5306 7333 9123 325 9647 1076 9412 4535 8725 7619 1484 6093 6831 7355 7668 5734 4791 1313 2007 5432 6369 9962 9946 7000 9990
29 1519 5857 2717 4750 9385 4169 3112 3530 154 1587 6596 2101 8894 2203 2411 9574 6264 6278 8803 1518 8814 8455 463 3983 4614 8672 8004 2410 2670
29 3690 9407 2683 7705 7235 852 4444 1287 8584 6890 1071 6633 174 1833 683 9976 5218 5184 8664 6744 8520 1766 6734 4699 7478 8546 8009 6593 873
29 6469 1180 1337 7993 2870 9798 3589 8298 4324 2493 8014 8907 655 7401 9532 9340 7287 9928 2026 3279 6895 1005 4344 2889 485 7264 42 9444 1356
29 2190 7888 514 7818 3424 4619 7786 4540 7941 2573 9586 5795 1722 3083 1836 9238 1886 1982 7949 3742 2072 2586 2428 3364 4189 3981 4713 1085 4452
29 5280 3263 7122 384 8178 1639 2116 590 9455 2248 2461 7028 6069 6869 6371 6757 9881 9061 3771 7183 4992 4429 6917 7078 7289 856 6686 3651 2112
29 4845 6976 5548 4975 4546 7090 8600 4862 4761 7987 6647 5883 7772 7852 2208 1528 1944 5395 9258 196 670 2435 7822 1673 8385 7503 4312 4339 1492
29 3179 6256 6599 6153 4701 8508 3450 1235 8554 3426 938 3033 3776 5860 6887 8594 4900 9253 7125 5364 8740 9800 4989 8577 6900 682 4201 4001 5929
29 3081 4085 4082 2156 2177 7020 5475 7409 6322 4245 6934 9606 2339 6236 3965 2176 3793 5033 7400 8775 4152 999 2919 2215 583 6221 2895 3783 3308
29 1988 5337 4180 8039 2955 2431 1411 9524 7805 3103 3273 1193 6497 8457 7197 9815 3876 1676 3986 5566 9466 3301 5847 8820 4053 976 2328 8807 5641
29 3115 3911 1771 2563 3695 6836 5837 8141 7339 1536 8035 3067 6467 7108 5192 5059 6648 7763 3060 4743 5323 8290 4377 747 9078 2891 8225 1614 7215
29 4219 7087 7151 4393 8223 3564 4358 6722 5374 7892 991 8827 7755 6219 7847 389 1640 8351 2402 5422 3471 4591 2107 8787 8841 6421 8534 7260 1995
29 3980 9514 5388 988 6261 1621 3605 8420 5150 7157 2645 1650 1730 2171 4522 4849 173 8448 343 7509 7857 4968 7051 6125 6742 2170 6033 2062 3692
29 6635 8384 4465 9281 4658 9725 67 367 5743 215 7085 9908 5716 4346 5825 5313 1688 4086 2083 3617 2600 9540 3752 9103 8879 6144 8135 3153 2883
29 7368 623 2366 9992 7928 3227 5771 6680 9654 2491 7457 1161 2045 4518 9406 1869 2063 4294 1992 1095 9146 2941 7691 1406 4353 4479 4193 2980 1627
29 1566 3064 6180 2587 8549 7349 7605 8870 5447 7640 8349 1703 4581 1491 3711 3886 4669 911 7984 5796 8885 8693 8636 4789 7018 6953 7801 7373 3134
29 9813 1497 7281 5526 9365 7575 4930 6206 2939 5968 2950 9091 2531 8085 9098 2843 8242 5260 9186 5467 6140 6491 5768 4166 3882 9248 5819 1223 6966
29 9543 4387 4704 1909 5934 9467 6847 3068 6852 4611 9648 9176 9550 7895 8500 4833 2494 4570 7521 3082 4907 2351 8833 7184 7278 9276 9576 6062 6813
29 7774 1575 4043 2231 4457 4510 6796 9195 6983 3943 4351 9748 8337 6678 929 3546 2878 1877 1261 6798 5654 9401 2039 2306 9837 1817 3436 565 616
29 5089 5391 4823 8266 9777 4326 7811 9791 27 9961 671 3411 6083 2755 1218 5630 4267 2855 2342 3304 3814 8884 7947 5979 1007 8231 833 7618 2860
29 8150 9405 3021 9093 5142 9786 4917 1769 6191 8953 4958 4484 5607 1565 1473 5109 6738 5668 6824 8883 7171 5021 3866 1461 237 2027 9527 7321 3843
29 4737 1019 6248 3475 5969 5595 2920 4710 7148 1175 6542 2202 9361 6943 5854 6482 1051 3346 8726 6345 7453 8245 600 3577 2243 6506 8400 6651 3934
29 2198 3750 1773 8931 5015 9336 6634 3896 1146 9923 2095 7419 9278 9678 3883 7058 9662 1556 6276 360 478 7272 8284 9564 7919 7613 7859 4632 9269
29 5294 7839 4878 4362 210 1780 3276 2105 4077 9228 4682 6579 2264 8912 2821 3557 3533 3290 1553 8304 3868 9630 171 6501 7658 8375 9379 3185 5423
29 3073 7403 6072 5677 6758 4030 2808 6731 3628 7384 9019 4497 2714 6425 9445 4428 3345 4233 3481 5229 5721 1920 4464 1732 6909 3592 1421 5188 1861
29 4980 5330 7363 3903 9635 6197 5512 5856 8369 8595 7513 8461 5791 8402 6435 904 7968 25 7581 2335 1509 8414 1573 1058 3086 5143 8578 3405 9605
29 1628 6524 6880 3528 5861 5238 9968 1346 8274 2458 2187 3365 6 5749 338 4519 9286 1429 622 6058 4711 8416 7043 6829 4943 1035 5718 3893 9963
29 6830 8717 3420 1269 4779 9714 4830 9088 6841 8597 9315 2478 9295 7964 2067 2850 2698 6804 8170 7311 8193 9921 1770 9787 5538 8456 6395 768 8394
29 4446 6147 6199 6262 879 2318 6158 7327 337 3909 8301 9511 759 8859 8111 2456 8746 6027 9272 2577 7199 6885 2510 3897 4181 632 4972 5549 9861
29 7560 6279 5132 3681 3658 5013 2910 6698 1069 3804 7015 9768 8872 8969 8731 1679 2887 5493 1696 2918 4806 6143 4318 5072 7424 2167 6971 8423 2036
29 6448 7782 9686 4343 9579 7855 8472 3602 6054 1558 8526 6534 7568 598 6291 4293 3624 7629 4331 9594 1745 7866 7101 7903 6725 9877 6773 5485 1819
29 4940 5007 5209 9744 2940 3055 4091 3826 3822 7358 6809 1572 1777 1298 6270 9820 6961 2149 4403 5410 6468 845 8109 2592 71 7765 1951 2697 6720
29 9026 7927 8240 4288 8793 4302 7678 6702 7244 175 5180 7299 706 3005 7632 3169 5082 5988 4146 7797 7749 6543 1613 81 87 8478 2535 3216 610
29 4774 2226 8712 5402 7442 9994 9220 8929 5023 4111 3198 7332 3702 1355 1547 8003 7082 2338 1965 6381 6025 2767 3593 9427 6685 1350 8499 7016 906
29 5910 7508 2923 4925 9802 9223 8214 9415 7208 576 2537 103 480 8364 1449 7794 8293 6817 7166 3124 424 9650 2015 3801 7543 4621 351 4483 8130
29 6053 8794 5559 6082 6399 4634 1170 2757 7376 8671 1354 7929 1002 4421 1543 6630 3990 6565 6800 5302 3656 3477 5154 1486 2692 9505 3010 6879 9664
29 2401 4089 4365 1691 4831 5164 3080 5799 406 6870 227 5140 3296 9653 7406 2465 2481 5894 8146 2403 6979 1641 1127 7011 7585 3330 4814 2641 3655
29 8978 2741 3143 6442 4781 1304 8886 7255 228 5075 3221 6990 6954 4084 2295 7507 5413 110 7107 7912 8091 6061 808 8855 1795 8642 9452 9323 8761
29 7393 9642 1706 2700 8282 1414 371 4949 4998 6438 1590 9894 7144 7921 6785 1483 9807 4843 5539 9955 4515 7671 5019 8956 4227 7094 9482 3572 8932
29 8995 9321 4639 1022 2206 2266 2225 1353 7156 8430 4310 1725 8633 5035 6526 6274 697 5296 2010 3398 8446 1129 2727 1012 3607 307 2882 8770 4190
29 3090 4759 7490 997 4126 1081 3682 5133 3979 8846 4414 4093 4883 3505 209 7730 7734 8120 2321 6104 3232 3907 3713 295 9309 882 7721 725 3339
29 7364 6981 292 4119 7959 1957 6176 5348 4654 4680 3499 4530 1737 3881 8470 1508 5506 6173 1420 8822 5431 9471 3453 897 2314 743 9141 7897 956
29 6186 4735 8016 8938 5144 4306 2614 8475 8824 5317 1791 9350 4715 212 4534 7076 3121 542 7081 146 1751 8954 2237 4981 5990 9641 9072 827 8319
29 8825 7719 5545 9870 3460 7622 5596 4908 2058 4647 5476 4545 4757 1300 7385 9866 6207 6157 9129 2983 5610 6676 6838 7319 2391 2280 9333 436 3770
29 3348 8891 8463 5781 3294 116 6235 4218 3796 2824 2288 9275 3097 8320 3921 6585 5288 3958 2894 5678 1911 2459 8919 6003 2444 6764 9081 3354 7421
29 5468 7689 9973 8354 9345 7871 9607 6675 5107 9691 4578 13 3566 9182 222 9860 993 8311 3944 1068 9573 3217 3691 1672 2307 3018 8653 2369 1968
29 3193 5242 4207 145 8788 2165 9451 5906 6023 2743 7472 5552 614 5366 7493 8071 7288 402 1841 6696 8555 2194 383 8269 3428 2041 413 3034 4904
29 5788 2502 1723 3913 2475 4500 8131 8979 3859 815 4117 5814 1741 4653 8706 3043 5406 2590 7084 7863 9720 2633 2317 2852 7973 2845 9775 7491 5849
29 3971 7740 9935 5392 2389 5166 5309 4681 3760 7569 296 2044 4262 6772 752 4098 2311 9056 5080 1283 9643 3755 3122 1453 9886 2216 2530 9999 8844
29 1044 3483 9000 9739 596 4337 405 7587 4011 4585 1368 7762 9410 7131 5520 554 9789 5417 4183 4345 9709 7958 3524 6728 1592 3753 3437 279 7370
29 6387 1586 8495 4828 3764 8000 1165 79 3786 2482 6636 884 1107 6540 9838 9457 4143 33 9067 4299 698 1213 695 9615 1564 3819 2564 877 8025
29 6303 3379 1432 9695 1031 9618 6408 4688 2119 7119 5460 918 2744 8080 8340 8377 3390 8724 4905 5730 4685 5859 6549 6989 2192 5438 3053 5977 8363
29 1630 5064 6297 58 7416 6811 9770 4827 6424 7165 6194 1885 1670 9174 7558 9944 3316 1280 475 3745 5667 1010 7080 996 169 4112 1480 247 3795
29 5816 4397 5458 8194 7270 3875 6609 7377 3163 3962 6341 7432 9747 6673 1697 1685 5386 6707 4138 3278 6209 6433 9168 675 4775 5617 7692 4716 1918
29 5453 4253 7817 2387 4340 2291 7752 3829 3003 5900 3317 1266 9817 6575 5067 4720 4250 5888 6523 982 3376 658 8329 6611 6073 1201 6619 3853 3775
29 4694 8458 1793 5126 1919 5446 6889 4471 3935 9344 1358 7906 6822 7411 5042 6335 6373 1199 4263 214 353 8611 9382 4185 5040 504 3443 4707 303
29 6060 8569 51 9299 5759 5168 8093 5092 5408 9728 2873 5932 7537 8028 6333 3017 2965 1310 1711 1980 3066 1878 4499 1103 8845 2774 7177 2114 2542
29 933 5692 7412 5863 3438 391 1933 1025 1637 1781 2128 8839 9426 3030 4420 5694 5462 4793 7529 8297 5655 980 191 7247 6863 3852 8048 2417 267
29 6875 8169 9310 6972 4179 8990 3147 3088 1423 2297 6193 7032 8145 8045 9355 9485 7554 1997 6019 9818 5208 7723 3871 9873 188 1905 6361 656 8679
29 8809 8603 8252 7972 7229 1805 3501 4102 2660 7195 2610 4915 7111 233 8116 3465 1302 3757 2370 7615 4717 7422 5362 5903 9116 7492 2609 1260 4254
29 4076 428 3559 4944 127 9256 3406 8046 2680 7790 8689 6622 6928 7606 388 4683 2606 3383 1074 1960 6566 5101 34 9304 1214 3007 2536 2236 3333
29 7724 8745 1643 3984 7702 3952 6183 8605 8333 1226 6944 3361 8927 6878 8222 9661 1347 7870 777 7764 6208 5185 4660 2355 2801 9793 1493 7744 3291
29 3181 9164 189 9057 7224 2238 4192 9065 2608 484 6769 8483 6788 4963 5230 9288 3266 2853 7960 9997 4007 3203 6332 9888 1481 9599 9853 4438 8644
29 5728 5172 7745 8408 804 662 533 4050 3518 1814 3735 138 713 603 1956 5466 8220 8668 3148 7826 2957 8010 5588 5862 754 3797 9673 7476 3920
29 9964 6562 7 5415 3311 5509 3052 3177 1953 6721 8791 8051 8707 7093 7685 3110 1011 8167 8551 5325 6017 7115 2792 3255 6924 9161 53 8618 6774
29 1624 9409 3367 9937 857 4021 2360 6626 4689 8637 9769 1928 7540 5627 5345 6723 7526 6300 9892 6505 1801 9949 4527 7950 2200 473 3445 4799 7417
29 373 2069 4448 8153 5241 9585 89 3563 959 8188 6681 7548 6667 2739 4521 8909 9626 9625 530 1148 7725 8381 4834 6340 1001 8747 9496 3109 7836
29 5696 4785 1971 6419 2189 8033 3953 8175 4090 5152 4629 6965 6479 2023 2958 5534 5679 995 8163 8187 5268 3599 1339 5 133 673 3885 5155 6016
29 9404 8217 4018 8928 8380 7783 2908 177 8970 6383 7789 9869 2925 1053 7344 1786 6323 608 362 8373 9130 2273 7815 4009 7438 8196 9781 5383 4859
29 9434 5689 29 3652 6357 7436 5813 9546 4 3434 7160 2567 9422 4155 8992 5600 6533 7044 6512 465 9283 1985 3502 269 8649 9419 5848 9436 3982
29 4899 7112 8401 7226 552 6394 7898 6664 5855 2060 9616 6476 1728 3029 512 9847 1316 1666 239 3084 7976 3653 9535 3200 8662 9202 5871 5276 3433
29 5651 3300 5490 9279 719 6044 581 442 6898 8086 3350 4140 3709 2040 631 3423 3769 5943 3472 2912 8157 3887 627 5204 4275 5852 1917 9362 591
29 7258 629 9185 2127 8661 9356 7944 7132 5622 5881 5535 4858 3618 5283 8322 9104 8802 7889 2001 9474 2268 4725 6669 2915 3631 6820 9979 8326 5517
29 1303 61 5981 8911 2442 8161 5565 6092 7800 8148 6793 9212 521 8573 4853 4456 8631 8566 6659 3778 9931 2718 6228 3249 1380 5955 5695 5282 3077
29 2363 9489 4721 4541 8708 2529 8949 4602 5724 1229 398 3860 913 2691 5715 7611 8626 8438 1747 3135 2448 8251 4935 774 4839 9551 5343 6443 5361
29 6233 1254 6957 2916 8849 5793 4891 4203 9287 7103 3827 8059 3812 3362 3527 2457 9898 3451 6182 84 2169 3120 4817 6926 6471 524 9741 9692 9095
29 3155 6752 730 2239 1822 455 6252 311 3467 5514 6714 957 3416 9988 4261 3012 4164 5281 983 5529 3229 4575 3028 8758 7881 6894 7143 645 1612
29 1787 2497 4514 5384 6615 4486 3479 7180 2357 3898 185 9710 4144 12 9175 7784 9577 4927 3432 2213 2418 448 4938 1343 7851 9565 4280 9194 7423
29 6517 3036 460 5731 5070 9325 9938 5324 4921 8335 9583 3182 4149 7487 2761 2331 3856 3509 3368 7178 9484 1648 7046 7293 2349 8729 8563 7212 8261
29 8229 2076 8557 3638 3626 2549 9143 3474 8314 6632 3183 5454 2240 5347 376 462 5372 1255 518 7616 4708 6165 454 1188 6999 1024 3558 7995 6987
29 6525 8612 1644 4836 358 1647 2029 3685 9137 3313 1272 4580 2046 5424 8176 1470 4936 5433 2607 2427 3306 9698 9387 786 6833 4400 5914 4562 7893
28 2581 8368 3412 4229 6254 6022 2625 5300 4984 4778 8496 4912 3810 1862 9173 556 2223 3166 4525 1880 6877 9312 217 5396 2553 6132 2902 3696
28 9029 6545 3074 1835 6624 5853 6955 9178 4923 200 253 8576 3666 6385 8066 5136 1471 5299 9077 5353 5976 4648 1430 9463 6614 8100 3895 5806
28 4194 7504 7957 1369 1047 716 3201 8097 8237 3699 5804 7291 4838 4286 28 4672 9785 3096 2869 7326 3737 1474 5997 2666 2712 4667 5009 6612
28 4297 4398 5769 5500 2584 8874 1385 7709 778 939 7962 6511 5481 7407 4317 4869 1132 9882 4999 4784 9959 2057 8861 7481 8429 2737 3359 948
28 6754 2753 2068 4577 9181 5699 7591 2150 4926 2903 4055 6704 994 4854 1597 836 198 5004 6682 8871 8963 6327 1843 5569 9506 2972 306 5029
28 4788 5598 9250 2222 6860 8305 1929 6857 9378 3385 6120 5833 3614 1635 3190 1187 9569 268 8263 4100 2064 6287 582 5351 7027 5375 840 2813
28 9684 5530 2049 7026 1422 9048 9005 7351 5706 2084 4097 2244 1016 332 6580 8082 1104 9230 7428 6982 4841 5231 5068 4459 9268 7773 4977 7267
28 1942 8389 8721 5246 4092 3389 5163 9364 2589 5670 6891 9920 9867 9864 544 9542 6717 1714 6237 3946 3070 155 4080 1052 8418 4035 2430 4041
28 3353 588 4913 8635 5877 5465 5056 2921 8056 2979 3730 72 9560 3616 5376 7561 7371 4809 494 3526 5311 2602 9476 3476 4933 7500 2323 3645
28 2931 1079 8850 9402 2605 870 612 3857 8572 9429 5236 3594 1499 263 9508 2056 5494 6259 1881 5293 2637 579 9391 3633 3128 2392 8268 1804
28 3963 9760 690 2632 2631 8317 9224 1134 5085 4911 9819 5269 7073 9712 6115 7875 7872 1570 4956 6370 1395 3837 8934 3891 3248 4616 5071 626
28 8701 2310 5429 7060 9788 9621 4475 3421 9369 3635 9640 8105 9249 3620 1021 1932 9189 6578 8162 8355 8935 9796 8201 315 1119 7876 7940 7539
28 1436 9342 1437 3942 2405 527 4537 5593 395 2460 4808 3828 3235 9845 8943 8864 8959 2009 7104 5624 9498 5186 4507 825 2763 6360 7361 9906
28 4416 4281 2333 5618 2259 9100 6472 8522 1707 9080 9257 2907 5463 4671 4618 1883 8937 4184 4485 2707 5831 2490 1623 4724 8452 8258 2014 1344
28 6710 5606 3008 1845 4407 6718 4252 8660 3870 9326 8383 9218 4782 7241 2991 9901 4587 2569 5980 8331 6457 52 5558 9158 7553 16 243 8360
28 4066 8531 290 8126 8392 4596 122 5249 1123 4105 7065 3570 3663 8948 9051 68 4440 9832 967 1030 393 947 1061 2489 345 6174 8696 4886
28 3639 9893 7516 9885 1720 7853 8756 1157 38 7415 2675 962 4951 7308 1139 3449 6163 2764 6790 7388 1907 950 4279 4909 609 7677 2556 9707
28 3579 1783 7700 9454 7067 835 6661 4051 1913 3925 9980 5647 1991 5094 456 3413 6087 302 3610 3027 3113 5455 9042 2668 9155 3516 2031 6454
28 120 5198 7317 4517 6094 2575 3071 6993 5594 5159 4295 6242 5102 2354 2395 1048 6806 775 2622 5774 5582 3506 7546 9357 9525 3550 1258 5390
28 9114 639 3141 1155 7729 8634 359 1794 5321 1248 2249 6258 9905 7052 1378 6737 7590 9002 6571 1595 6241 6366 1996 4884 5275 8516 5554 974
28 6975 2837 694 472 3408 3767 2840 1151 5183 9665 7138 4742 1374 4388 7538 9296 1954 1709 9330 7922 9139 9154 6347 764 9638 2018 4879 2433
28 2437 1141 6329 4168 15 7017 532 1446 1924 1934 6692 2583 4158 2125 7449 5420 6018 8994 1864 1923 8652 1362 515 449 4974 867 7366 9682
28 2347 937 6916 76 7169 4225 2485 3601 2220 3768 9483 3954 2545 8795 8742 5773 2376 6227 1941 1763 5459 8753 1240 3108 3854 9575 3591 5775
28 6935 5986 1064 595 9318 2234 5135 7022 9984 6238 2345 4234 8527 6695 148 7173 1439 7798 2409 942 3289 1210 6015 6348 4561 6741 5497 5240
28 8580 570 8464 2183 3209 2511 1576 9782 5414 5639 2365 1110 6493 1520 368 1133 8684 975 4304 8432 4106 3762 1017 9974 9353 1797 8817 336
28 5177 4749 1270 5456 193 6076 3567 2300 9028 9108 1116 1906 8720 1619 4796 9660 9 3547 8565 5352 8521 6846 3586 6475 3749 5027 5439 3468
28 5379 6306 5012 1091 1174 1735 137 5645 8449 3584 3918 3840 5700 9834 8780 202 5636 1947 179 1243 6462 5954 1209 6384 6484 5947 2864 7830
28 9347 9726 73 3832 9458 2262 3529 4961 499 7222 3292 6429 6149 9761 519 2560 4511 8362 2042 6592 3076 3865 8359 6876 1969 613 5733 2443
28 2974 1289 6281 4096 9731 9433 6967 4588 438 48 1331 1654 5419 9076 7971 9936 8801 8079 2849 7608 9145 3792 1693 8999 8462 7338 4277 589
28 3487 758 9634 5889 4419 864 5656 6782 8985 6550 4033 6413 7710 4693 4870 5528 5967 5066 5763 8108 9844 925 1930 3351 8828 1401 951 4125
28 3284 4821 4712 781 9555 7314 8897 6481 9021 9556 5286 309 7900 7571 7592 4336 55 2749 7460 6439 1335 6095 7813 2087 5329 2552 7128 5318
28 4815 692 9332 8719 4526 2951 8073 7767 2043 8164 5247 2133 1533 1224 7362 1345 630 8713 7936 2928 9097 4592 1065 4593 2071 3191 4006 2507
28 1596 5640 6600 7506 9360 2420 874 912 4473 5489 9031 4000 3270 6655 2793 4291 1646 9821 7832 7040 1077 3774 9803 3349 4608 5762 2527 8491
28 9380 1361 5953 3252 1438 660 7793 2024 1548 3619 364 9456 4797 482 7544 9767 4078 8524 4657 8044 3950 6701 5148 3041 4330 419 8180 928
28 7690 4846 8957 715 2998 2768 9746 2621 6351 7134 8686 5971 1443 3967 4807 2521 4816 6732 5400 1488 8151 9411 1526 4395 6748 9929 8517 7395
28 7427 1618 7266 4017 8655 1460 2526 5442 6637 7698 6584 2055 9495 8598 6336 8821 1853 3818 4159 328 7139 7010 2578 6466 6126 9914 5631 6515
28 1322 4404 984 3131 6925 4840 9151 8081 5167 9675 2451 8308 6940 4664 2599 319 3208 1829 6159 4104 7009 3236 9492 811 9118 9954 3671 7580
28 5110 3931 4732 4929 8893 4260 2286 3773 826 4947 7673 8779 9020 7748 977 125 8830 3733 9491 3849 2794 1915 9773 8590 7479 9900 452 8614
28 9480 8902 7056 4488 3218 3729 9126 2051 908 416 4443 275 4705 1212 6991 8125 6750 1220 2687 6520 7334 8568 2117 7322 9245 1948 4498 8256
28 4812 6489 372 8808 8280 1264 5252 287 6202 7303 5945 2166 7282 4893 6267 8646 78 6342 6081 9519 9009 124 1154 4122 1616 9967 7074 9201
28 9237 9481 806 3139 9242 8867 5123 404 7480 30 5181 2471 326 1940 7019 2381 8882 788 7360 9805 495 4332 497 1574 1311 1037 1101 1600
28 6677 8699 476 1522 5832 7827 3228 8973 6625 1122 3410 1442 149 1078 2933 5079 9721 8466 5917 2480 1315 2219 6011 3622 4674 6865 471 5586
28 450 5060 1608 3184 8324 9608 9836 9592 9012 256 7300 8869 6700 2820 8629 7053 2818 8539 4491 7158 7860 9903 2884 2688 9764 3908 2151 3646
28 4359 6409 8694 5880 8032 1701 7910 7911 8357 3867 1665 9617 114 6013 5709 4406 9855 2155 7803 2438 8428 4333 7643 3777 4898 4389 7425 7768
28 1916 4467 4937 6040 3395 9843 3657 1810 7117 4134 2343 7670 2709 5099 123 6374 3186 1626 1042 6205 6311 5936 9862 9292 2174 6556 6453 4480
28 2017 8781 8054 4746 2936 1660 5698 26 5970 3900 1206 5505 724 6642 9702 2626 7986 621 1462 9939 7708 7045 2373 5016 410 8856 4356 3014
28 7920 1879 9628 4002 8950 6086 3838 540 1006 564 7013 8624 1891 4954 2847 1319 7582 2508 7988 4686 4655 4881 970 8764 3206 647 8640 6530
28 3056 4644 2337 5503 2989 4204 187 3298 8034 7445 3894 3238 1527 9776 9148 4069 8881 2274 5930 9265 8627 3224 7098 5805 8952 2158 305 1753
28 2872 4434 4415 909 2822 4142 2968 1055 5175 6113 1699 5959 1663 9464 5162 7323 9509 135 6488 1897 1847 8110 8497 3693 6045 5359 4551 5742
28 819 201 3974 2120 7630 1634 2050 2846 5753 9162 1598 4224 7669 2844 5045 8444 1177 1669 895 2070 7559 787 2788 8137 1838 2 6098 5195
28 8645 8192 8623 4950 5611 7296 538 528 931 8344 1083 5756 6307 5984 5892 6407 109 9655 6735 9234 7833 2123 4867 4206 2803 6118 1726 8915
28 2868 3621 6576 8321 3779 9670 7429 5544 8711 5368 8785 5591 1524 6498 7758 1555 5790 3145 4729 7249 5589 3257 4171 6937 2986 5590 7683 4620
28 6388 4805 2052 2582 5901 3061 6444 1399 3763 1371 7382 9447 3107 3165 8260 1208 1040 2829 6334 9611 3772 1893 1774 3447 1765 4967 7348 6657
28 1230 2665 3928 7497 8832 4238 922 727 7816 7444 1860 7030 6913 4186 1740 7882 6487 7310 8249 2682 4128 5169 9795 9830 3790 9587 8156 2656
28 5081 1831 2498 5575 7849 3336 766 9589 429 989 7347 7979 9918 6152 684 9904 4835 4643 2558 2380 5116 3877 1279 6617 5915 636 8215 9038
28 199 1680 1142 7470 3429 1733 8378 5682 3694 5251 1275 9765 4690 4108 2685 1844 3969 3286 4571 1448 6134 732 3791 562 4237 4426 3130 2659
28 5206 2667 5443 7808 4256 8823 1152 3210 5886 3978 8473 1434 7025 9204 8518 3724 597 2455 7203 5533 8896 9493 8275 7397 4372 9337 7545 6577
28 5025 1433 3422 7365 3258 2823 7825 8325 1581 1657 9941 2865 2555 8094 7759 1704 83 3000 5024 1653 21 7304 548 3739 9528 4258 2985 6312
28 668 7396 6563 9049 6807 792 3022 6166 7318 2640 3374 8574 7688 8951 1622 5822 7414 3095 2896 4698 3458 400 1830 7810 3409 738 7331 2315
28 7534 6007 9045 9192 523 798 1045 8862 8776 1979 1687 9713 6746 2649 6431 2130 926 2386 1297 5389 1994 5213 4469 5878 5063 1431 9083 2252
28 4320 1359 5118 855 5993 1179 1591 2473 6687 6301 2088 4303 9740 5434 9317 2302 141 433 3855 5752 1895 6451 3916 907 6814 6478 2819 818
28 1668 5958 7499 9828 7639 9667 9261 7649 9554 2533 1538 7063 784 2181 6404 6427 4037 1086 8923 5644 5939 5669 1532 5054 2506 9865 1899 7188
28 1562 9784 4451 9690 3104 2466 9657 6196 9384 5308 9132 8736 437 2973 7961 3161 4292 4494 8811 3338 9863 8013 6583 280 7050 4049 4850 5951
28 5199 147 2122 341 7874 7760 4740 5789 9858 1284 1828 5609 4857 4641 6486 955 2393 1363 10 1273 7217 8748 1237 6414 1713 3689 5210 2092
28 2520 1373 1382 1379 3844 3466 2412 2771 8233 9636 9266 1381 6139 7686 5228 5338 1457 9383 9273 7251 6919 1219 2540 6168 3265 832 2892 117
28 6699 9459 1041 1 7316 7102 5266 9697 9023 2619 9942 5049 396 2224 5334 6063 3744 5335 968 7004 6251 6684 3054 3057 592 3590 657 1578
28 1749 6690 9193 1945 6057 5044 9066 7925 8471 6151 7997 6114 2726 3146 4433 1800 7967 2657 9351 2089 2909 6797 8129 3664 9610 4730 9704 7567
28 207 1620 8749 696 1826 6775 1256 2779 8799 5926 8020 8812 9115 5128 1296 468 6422 7770 9723 8053 5941 9209 1976 6175 6827 8790 6653 245
28 8328 6356 8583 8026 4357 9046 9053 2917 4411 6129 6285 635 2806 6292 9544 9373 2145 19 1825 2439 4787 5326 6320 4284 4803 5377 4264 5899
28 7001 3260 9708 6963 3960 6663 3486 8968 7435 1811 7737 1978 4123 4503 8425 9503 924 7391 7696 5800 3457 7576 2949 2134 6375 6367 793 4383
28 1454 439 1008 8852 3677 7237 8766 4418 152 1305 7002 2890 8528 3912 7483 4576 7114 1476 4532 1251 8591 5615 7398 1056 3522 241 3923 3310
28 7064 8996 9435 7854 1034 9970 6391 4564 3869 5784 9897 3245 3700 4520 3740 2782 5262 3880 3712 5601 5114 4114 2074 3197 6032 9593 3369 8257
28 186 6246 8171 1742 9652 812 2678 9207 5385 3126 6266 9203 4127 7991 2305 9221 2270 5935 8316 4847 3213 2842 6821 5948 5808 3293 3781 4213
28 6483 2137 90 905 8327 3604 9668 8619 7374 3839 4762 505 9827 9171 1456 7502 2901 8390 3244 6397 1169 892 7547 5663 1288 8900 2702 3207
28 2035 9656 883 9950 5712 7124 3391 4463 9443 9501 7381 9235 810 2959 9320 4132 6849 6339 7998 606 7697 507 7610 1677 2020 4296 3649 1400
28 8067 8265 6101 4609 9109 4175 8548 4597 7167 9983 4163 7650 3758 6519 8224 1678 7902 6377 8525 4241 1606 8212 3731 9620 680 6694 9581 8102
28 4976 6960 8536 9274 5237 7340 8752 3808 1689 9142 8386 2309 2486 9849 5676 1096 8330 1855 3326 7596 4617 6761 5882 106 8975 4504 2886 3023
28 288 1686 7256 357 197 7198 4813 3418 2572 375 9651 3956 9743 1550 7982 6401 2832 5113 44 8586 7346 6000 5160 5869 1084 4818 665 2504
28 7227 9975 5245 5444 4231 3247 2228 985 849 2073 3892 3603 4321 5093 9432 1712 8436 1314 6028 77 6911 7375 5194 2367 5626 8 1842 5585
28 3496 8558 3884 4960 9896 3723 839 1764 4251 5464 1263 5220 3062 9823 3727 8836 6272 8735 7573 6842 2681 9568 17 3246 4516 794 2065 47
28 5216 5846 4118 8737 2711 8300 411 6604 6518 3637 8395 3129 5371 8519 7756 219 9842 6768 803 2962 7904 6948 8898 541 5572 4137 4748 377
28 9512 9367 770 9856 3219 1849 3904 3807 7049 8585 3240 4607 1605 3040 385 6567 5904 4308 3805 7218 648 6560 4460 7488 6192 4141 7562 7246
28 2648 4316 204 7243 9494 4770 1851 6243 8074 4661 5038 1205 3937 1168 4983 2964 2319 7761 2548 2954 6759 401 487 4638 1507 1834 6607 5058
28 5171 2201 6586 5344 2168 271 7118 4071 6418 5200 4391 1364 374 5925 1014 2284 5367 381 535 2546 878 5748 5989 9197 8454 1744 6309 1342
28 5061 875 2207 2090 5292 327 6290 3947 9757 525 1067 2930 2260 5518 6038 2721 9703 414 5256 6535 1329 4010 7536 7703 4723 4623 8426 9679
28 6117 5065 5030 1603 2996 1479 5425 9169 4536 2827 4646 7821 4283 1236 9187 4378 74 6289 2212 7274 4948 3669 7732 9539 8984 4763 6043 2079
28 8763 8510 8160 1324 3312 2388 7848 2799 6316 8730 8890 5561 1820 132 7458 8955 4366 1921 6969 8683 2966 6985 6051 8515 5314 7620 4214 6905
28 6548 3318 6508 5675 8501 1792 3648 1815 4405 2272 9306 6569 4987 5450 881 1922 9613 5062 2423 6253 893 2452 8467 9468 7216 8087 1197 1694
28 9536 9919 8560 3613 1140 4209 6029 6597 3926 1466 3725 2086 113 2791 3222 2013 153 101 9637 4703 6461 5701 9917 9880 4924 5214 7899 8469
28 316 2524 6109 973 7572 8899 4640 5587 1516 5189 3841 1464 8738 9084 7324 1690 2407 8773 3189 6265 8798 2780 2147 9047 4868 6089 4490 8142
28 8339 749 2967 8376 8372 3510 2585 142 8650 3924 2163 8754 9522 3340 11 5291 8559 2568 3517 6437 4919 700 4739 8544 9913 111 8674 8805
28 6747 5328 3347 8451 5876 2748 1494 300 2629 2623 5782 5050 4338 848 5041 6872 2725 3732 6463 5341 3782 6459 6135 5412 6156 2795 2210 4244
28 2379 9416 1082 8210 7413 9069 2501 2193 560 5710 5851 2257 6364 8550 2911 1656 162 2463 7970 8199 5634 5923 7953 1036 85 9413 2250 5037
28 8734 5498 4173 6656 6145 6531 6128 6896 7461 2094 2175 8639 1544 4385 2854 7527 9255 746 9247 8419 5707 6850 593 1571 7077 2098 6767 4115
28 7473 5511 6997 6927 5525 8818 4811 6848 4630 4031 8723 3162 2646 4342 8878 234 6111 7659 3452 3085 4957 9751 2182 2993 3890 2937 5911 6778
28 5619 4208 3363 8415 1341 9738 910 3551 3889 9431 9149 1026 1290 43 5920 7878 6030 7295 1087 3703 941 8667 720 3548 2598 3997 4777 8366
28 2992 1545 4848 998 1974 9358 8847 5051 313 6075 2674 8889 9663 5660 75 6654 5483 6121 7133 5686 2287 1779 6249 1731 6389 7809 4432 6008
28 8755 972 1299 6984 9772 8743 7130 3964 9094 842 3325 1033 1993 2111 2859 7341 4285 1987 5921 1785 1866 3824 3836 9622 2447 7531 5764 5088
28 2826 2108 1767 8596 8877 2713 522 9762 2543 824 4895 653 6902 1848 9289 9092 4533 4751 434 2441 7257 9301 159 6709 5648 4221 7612 2184
28 2736 2085 4695 5919 7350 7887 3039 3608 6908 2946 3031 717 8651 9374 2756 7402 8248 7140 1496 2230 558 2421 8410 1072 9490 5495 7100 7885
28 9018 2881 8556 7220 9244 5693 1109 9666 4920 126 9952 304 2722 8759 1147 7542 7012 1876 5290 8445 9478 4025 7819 7179 2861 7136 8294 2594
28 3906 8964 820 9339 520 6372 8681 7635 6396 4352 7712 7589 966 4396 387 9079 2611 6169 9150 8676 8447 2815 3888 7120 9927 3049 6201 2630
28 2099 795 5746 7646 3250 4971 8107 4461 1868 2635 801 206 5842 3726 9960 1758 3831 2136 3659 5996 3917 6041 9500 1455 1903 2547 6851 5316
28 5952 2038 7681 3158 4852 6273 8705 1569 7061 3815 1949 8234 107 2217 2733 2719 1675 2647 2453 1465 3686 4211 3922 5120 9852 7880 308 5310
28 7948 6893 8140 5087 8181 4871 1837 5850 8431 5973 7564 7034 599 3936 3314 6160 4599 3117 3802 3295 3140 7471 555 1338 407 7598 5227 9499
28 4718 1821 3513 7356 9809 1467 2851 6001 5355 6006 5684 134 2541 5469 4160 3019 4246 4019 6941 3444 1094 5354 4431 4547 7155 4062 7601 1784
28 5536 3178 3009 8829 447 9016 322 6644 9140 8757 2278 5807 3137 3674 7955 1114 978 1384 5745 5978 7467 8800 9700 1145 9810 1066 6415 2037
28 9890 3440 7963 6507 1332 249 8001 9912 969 5779 2571 1228 4068 9319 8083 5635 2279 4422 2495 509 2838 8967 6244 5403 282 5125 4604 1629
28 4832 1317 4837 7680 9396 7141 6255 8537 1301 8505 4315 868 2662 4635 3309 1444 7276 8628 490 1190 2987 1863 2048 1662 587 7743 5176 5303
28 7106 8061 5672 8945 4436 6203 9734 2811 5263 6250 317 1541 6131 2762 1327 1739 9879 6679 9687 8158 3933 1320 9794 8688 6441 4875 1529 5515
28 1178 7792 2021 4741 8615 2927 5527 9956 4449 6269 9006 6318 1872 9850 203 9624 6234 1761 262 6818 3254 2867 6923 8315 4637 8352 1702 7121
28 9808 2434 1852 1710 8486 4167 1559 6490 3811 3342 2638 1503 1530 8040 2643 5597 1896 1775 8002 4289 4790 2470 7883 6658 6810 3046 9745 2841
28 8065 2160 8399 7116 7079 3498 352 2002 6629 1267 1502 1692 5270 8138 7170 1410 6090 5704 7638 4873 3644 6102 822 3020 7535 2848 5950 3164
28 7934 3004 5864 1535 5461 563 9082 6646 2247 4327 2467 7123 4890 2758 5336 9160 2153 6815 4109 4955 1427 9440 4656 4509 605 5972 3511 4110
28 3576 3784 3225 2897 6275 4863 3442 5488 7336 1970 2857 709 9034 7172 932 2945 5794 8843 2745 871 4408 1955 4567 7556 9428 5902 181 5895
28 8670 5096 4687 8709 7261 628 5435 6485 5865 2346 8118 666 6839 3078 1986 4496 6844 5744 3091 568 736 7778 3738 9633 4728 6080 6110 9222
28 45 8442 3151 2028 761 2172 1512 2971 1642 5792 4549 273 3375 8165 5994 4390 9771 1222 4512 1717 8168 9172 9854 4379 3461 9448 7380 9571
28 7662 8182 5141 6713 3407 4412 9163 4423 6958 2810 464 4079 8815 8072 9043 940 6257 4678 1396 6380 3555 4626 502 3643 8602 6026 9408 4612
28 7284 1667 2651 4276 9733 4952 5305 7200 4447 1281 4986 3661 816 642 8172 4582 8750 6314 5965 4734 265 5248 9059 7455 748 5872 8413 3142
28 4529 4470 9724 3743 2304 100 7204 118 5770 1963 8918 5036 6873 5285 6819 6223 4417 5333 9902 4161 5767 9024 2708 3598 102 4113 3459 213
28 7975 5815 4601 8379 6868 1959 6581 702 7221 517 6382 7239 5711 274 8922 4172 1962 2929 2834 66 9101 9210 7038 378 8784 5190 7514 5487
28 7675 7735 1046 8876 8687 7617 575 3863 2942 9231 9623 7802 7754 4081 2298 5674 6260 8744 9899 211 1806 5866 4697 8422 8189 3430 4764 184
28 4088 9797 8567 2492 571 3489 6349 8477 7152 7446 7879 4230 467 7814 1018 9840 791 6403 176 5073 6050 3493 1092 821 1106 9910 1445 7228
28 6903 9423 2952 7242 3092 3415 8018 6185 3167 8038 3196 8155 9497 9521 6910 4595 8136 4042 9754 7234 6745 7623 7392 2561 4410 9534 3341 5801
28 3615 2324 854 526 3118 2596 6845 3809 3543 59 8543 8367 4542 9039 4157 2786 5322 3173 7129 1651 9297 9394 3138 9998 1244 8264 7634 4573
28 5875 5599 8204 9699 299 1681 37 3539 8533 6282 6859 953 7584 3514 6825 1468 691 7653 9134 6331 7253 2255 7024 8514 9052 5005 5397 9314
28 9812 6582 8005 5121 409 8782 8498 403 8123 776 6420 5271 8648 3721 366 9147 4894 944 2195 8965 8998 3001 3629 1194 8887 1504 1404 4247
28 4054 5358 5401 2235 6777 8592 297 1816 6343 4524 444 7652 5570 1089 417 6978 8348 5858 4662 7329 6068 1967 3848 2528 9871 9995 5474 3195
28 2436 6504 2398 8238 6313 2601 1156 5933 3402 637 5834 8658 5584 2684 6933 8309 7823 1789 5017 8988 1120 5524 900 2777 734 6299 889 1808
28 9930 9446 24 8202 4458 7551 9331 483 1977 2000 2358 9013 7751 7695 9580 6706 9783 3611 3715 1112 9179 5541 2075 3701 646 488 8691 5754
28 1875 7726 329 6601 9400 3439 5928 1925 9058 9531 8641 4027 6495 4380 2970 674 9262 5053 1015 7230 3469 3728 481 9582 4594 4249 2479 4745
28 5507 6230 5255 6691 422 8831 4495 9063 5810 284 5491 6786 4028 2924 4589 3845 2468 6947 2773 2285 4361 2802 1365 7907 349 5555 8989 6161
28 1718 9986 6127 8511 3665 1695 3627 3446 2499 6892 7307 3704 5738 2976 5664 8254 837 8547 7753 1762 5147 3063 723 5931 2988 220 9280 790
28 361 3864 547 8200 640 5393 6294 2299 2652 2019 9567 1428 7089 9165 1325 5157 6070 3714 6052 3425 763 3497 1617 2720 264 205 7095 2396
28 4670 5974 9602 6521 9953 9285 7259 1904 7565 2789 5747 5938 615 4188 8347 8345 1163 7787 8853 6155 2113 1088 4370 4057 9705 3748 7069 7549
28 369 5896 1102 2835 8370 1375 1746 9732 7305 8617 829 6365 5484 4946 7517 7935 6494 6922 965 6970 5052 3710 8024 4889 9119 6683 3794 4754
28 6932 3765 3149 9133 9399 3542 3565 805 4311 9868 346 5057 5776 4973 9290 8710 8230 8433 2576 2377 1216 9229 5961 4824 624 8977 3507 740
28 6568 4985 9916 7440 3393 7728 3636 1824 704 7550 7791 8278 4700 8487 9549 9719 4360 7345 6239 5604 5741 8474 3716 669 3373 6048 7168 6837
28 7625 7105 6756 1549 7175 7150 7983 6544 4478 6628 1700 4450 1059 1748 9060 4270 2699 6330 6416 9450 4896 3544 7715 1097 8777 5436 4151 2982
28 6856 2899 415 783 8697 1719 6222 2628 6417 4384 8050 64 6605 7328 751 4439 3992 4767 8060 2797 4506 4024 5652 7342 2180 2804 1477 7386
28 2276 3632 8096 8704 8350 7757 344 5022 6455 4538 6393 4901 140 8552 5339 3397 4666 3825 9327 8476 9472 3675 7932 8810 2372 3830 5428 4341
28 8243 6324 2644 7621 318 248 7269 9425 2654 6056 1882 6945 3133 2446 2612 342 6670 3490 1840 1093 9308 6445 886 8283 7600 8939 151 9774
28 5913 8289 611 1349 7459 7736 2734 2364 7577 4282 9596 9629 5661 4056 8228 8115 3580 9243 3323 6315 3987 4916 7301 5307 8607 6789 8622 7354
28 301 4709 3089 2559 2327 2858 2186 7194 5608 4964 3919 190 3492 641 6271 8023 1946 6458 8361 6049 4872 6103 3623 4932 1523 1602 5957 3378
28 4067 6106 420 2760 9403 5356 9750 844 7014 9260 6245 2382 2796 5758 2139 5170 6035 585 2816 7713 1062 4474 4628 2593 8507 6650 5727 2191
28 2839 2414 99 5817 7642 3174 5441 2352 9985 688 2325 992 9064 6450 6464 4733 7837 7631 4615 9627 3630 2706 8903 6447 508 9054 7320 1312
28 8620 3581 8942 6854 3991 7206 246 6645 1531 5818 8099 9111 5785 9263 4364 1856 8665 5966 3491 6012 3324 9090 1966 3525 8490 1009 5332 330
28 3534 7588 4714 9102 7196 7029 8104 2750 5560 6405 3955 531 5014 9196 5732 1405 4569 506 9541 2617 2251 5650 3035 9040 9037 5632 4892 7699
28 354 2905 1050 6787 9978 3553 8343 4039 6557 161 4651 6936 5755 1755 2425 2515 4966 3930 1063 8564 1409 4131 6616 2671 1998 6499 1391 838
28 4350 7099 5350 7674 1131 4760 8371 8834 8925 8905 3532 165 779 8184 7464 6674 5646 9437 577 7426 7008 6344 5844 1351 2715 3065 7532 5510
